1403638522.827830 0.142977 -0.006129 0.281411 0.016060 0.792869 -0.018008 0.608914
1403638522.927830 0.125867 -0.002621 0.325203 -0.015822 0.794431 -0.010405 0.607059
1403638523.027829 0.038692 0.016301 0.358691 -0.031972 0.809200 -0.009481 0.586585
1403638523.127830 0.037522 0.008034 0.383765 -0.045980 0.807859 -0.000425 0.587579
1403638523.227829 0.033221 0.002621 0.387102 -0.041793 0.804291 -0.000406 0.592764
1403638523.327830 0.027302 -0.003909 0.368520 -0.037563 0.798598 0.002334 0.600686
1403638523.427830 0.024570 -0.008410 0.332990 -0.037575 0.797025 0.005061 0.602755
1403638523.527829 0.021330 -0.014104 0.285759 -0.032453 0.802921 0.009062 0.595133
1403638523.627830 0.017545 -0.022663 0.233966 -0.026695 0.814044 0.013530 0.580032
1403638523.727829 0.012795 -0.028870 0.185197 -0.022587 0.820588 0.016628 0.570831
1403638523.827830 0.007727 -0.033448 0.140048 -0.020881 0.822486 0.019603 0.568064
1403638523.927830 0.002050 -0.040196 0.099933 -0.014228 0.822367 0.024149 0.568266
1403638524.027829 -0.004311 -0.047094 0.075957 -0.010191 0.824951 0.034920 0.564033
1403638524.127830 -0.006994 -0.047362 0.078873 -0.011788 0.828687 0.046643 0.557641
1403638524.227829 -0.008186 -0.046762 0.110212 -0.021908 0.831837 0.053510 0.551999
1403638524.327830 -0.007261 -0.046875 0.159687 -0.031592 0.831124 0.054105 0.552546
1403638524.427830 -0.002717 -0.045974 0.217594 -0.040202 0.826370 0.051823 0.559296
1403638524.527829 0.003086 -0.044381 0.278189 -0.045106 0.818020 0.050723 0.571170
1403638524.627830 0.010344 -0.041565 0.335787 -0.045286 0.809900 0.046809 0.582941
1403638524.727829 0.017350 -0.037090 0.383658 -0.036319 0.804954 0.041448 0.590773
1403638524.827830 0.022253 -0.032247 0.417038 -0.024277 0.802452 0.036430 0.595109
1403638524.927830 0.025692 -0.027657 0.436198 -0.029129 0.801615 0.036970 0.595986
1403638525.027829 0.026483 -0.025739 0.435940 -0.034356 0.799723 0.041084 0.597976
1403638525.127830 0.028635 -0.024070 0.412357 -0.030415 0.797625 0.045230 0.600686
1403638525.227829 0.030574 -0.024257 0.371642 -0.029772 0.798281 0.050740 0.599406
1403638525.327830 0.030122 -0.024611 0.320657 -0.031274 0.804487 0.056141 0.590484
1403638525.427830 0.027607 -0.024279 0.266813 -0.037746 0.816297 0.060752 0.573187
1403638525.527829 0.025307 -0.024467 0.217160 -0.045226 0.827975 0.060739 0.555628
1403638525.627830 0.023690 -0.026204 0.174201 -0.048552 0.834095 0.058961 0.546308
1403638525.727829 0.023192 -0.029877 0.139964 -0.047224 0.835111 0.054857 0.545298
1403638525.827830 0.023194 -0.029796 0.114233 -0.042812 0.832117 0.048790 0.550788
1403638525.927830 0.022173 -0.032728 0.096933 -0.033738 0.829171 0.045789 0.556094
1403638526.027829 0.019553 -0.046522 0.090396 -0.027700 0.829510 0.045519 0.555944
1403638526.127830 0.014214 -0.072899 0.094203 -0.026699 0.832698 0.040570 0.551593
1403638526.227829 0.010687 -0.105798 0.105119 -0.024914 0.834144 0.031510 0.550082
1403638526.327830 0.004984 -0.143983 0.119248 -0.021512 0.831616 0.022606 0.554474
1403638526.427830 -0.002835 -0.187115 0.132857 -0.019146 0.827045 0.012933 0.561661
1403638526.527829 -0.012801 -0.234405 0.143283 -0.017969 0.822392 0.001015 0.568636
1403638526.627830 -0.023294 -0.288642 0.150492 -0.015645 0.817278 -0.008572 0.575968
1403638526.727829 -0.035983 -0.349907 0.156125 -0.010212 0.813418 -0.015827 0.581375
1403638526.827830 -0.051528 -0.415012 0.160163 0.000924 0.811090 -0.019987 0.584579
1403638526.927830 -0.067998 -0.478483 0.163034 0.005404 0.812069 -0.024036 0.583041
1403638527.027829 -0.082753 -0.538752 0.165656 0.010826 0.816407 -0.033505 0.576402
1403638527.127830 -0.094654 -0.594132 0.169711 0.018201 0.820186 -0.048015 0.569789
1403638527.227829 -0.104323 -0.640828 0.175958 0.027054 0.819626 -0.062867 0.568796
1403638527.327830 -0.107628 -0.673853 0.182621 0.041117 0.815312 -0.074269 0.572765
1403638527.427830 -0.103290 -0.686813 0.187013 0.053547 0.811175 -0.079663 0.576873
1403638527.527829 -0.093046 -0.676662 0.188053 0.058123 0.810484 -0.081038 0.577210
1403638527.627830 -0.075892 -0.643205 0.185642 0.055792 0.811605 -0.078524 0.576210
1403638527.727829 -0.060604 -0.597943 0.184721 0.052199 0.813081 -0.071771 0.575346
1403638527.827830 -0.040997 -0.545871 0.184776 0.040742 0.815306 -0.064649 0.573966
1403638527.927830 -0.022533 -0.488583 0.188453 0.025155 0.816983 -0.058975 0.573086
1403638528.027829 -0.003827 -0.430101 0.190355 0.018423 0.816214 -0.052451 0.575069
1403638528.127830 0.012308 -0.372289 0.191518 0.009419 0.815163 -0.044324 0.577457
1403638528.227829 0.029881 -0.318264 0.186838 0.000117 0.816138 -0.035727 0.576752
1403638528.327830 0.056761 -0.273785 0.181581 -0.010149 0.816708 -0.025828 0.576384
1403638528.427830 0.087900 -0.242045 0.175779 -0.011582 0.815196 -0.020750 0.578697
1403638528.527829 0.123056 -0.219150 0.170780 -0.009032 0.815929 -0.021154 0.577694
1403638528.627830 0.159058 -0.201020 0.168546 -0.008880 0.818370 -0.028951 0.573894
1403638528.727829 0.192907 -0.187648 0.169855 -0.006480 0.818761 -0.035074 0.573025
1403638528.827830 0.216161 -0.178052 0.174556 -0.004015 0.818030 -0.041675 0.573650
1403638528.927830 0.222840 -0.170732 0.184348 -0.009647 0.817426 -0.049984 0.573780
1403638529.027829 0.213592 -0.161656 0.199916 -0.014779 0.818286 -0.054585 0.572022
1403638529.127830 0.189104 -0.150148 0.214548 -0.003494 0.819077 -0.051586 0.571349
1403638529.227829 0.157077 -0.132976 0.218866 0.012524 0.820358 -0.044634 0.569969
1403638529.327830 0.121315 -0.113592 0.213217 0.020766 0.823621 -0.039763 0.565363
1403638529.427830 0.087610 -0.090518 0.195032 0.023260 0.831428 -0.036455 0.553948
1403638529.527829 0.060010 -0.077127 0.173596 0.019838 0.842480 -0.034491 0.537257
1403638529.627830 0.038225 -0.065542 0.147492 0.021314 0.849799 -0.031336 0.525743
1403638529.727829 0.023679 -0.061959 0.120452 0.021313 0.849532 -0.029371 0.526288
1403638529.827830 0.015352 -0.053013 0.097826 0.020355 0.843432 -0.030569 0.535979
1403638529.927830 0.010353 -0.045769 0.079069 0.020869 0.838387 -0.031566 0.543760
1403638530.027829 0.012932 -0.041718 0.065102 0.022001 0.838013 -0.032417 0.544242
1403638530.127830 0.023001 -0.040367 0.054818 0.022605 0.840238 -0.034972 0.540617
1403638530.227829 0.037697 -0.041289 0.044909 0.024981 0.840745 -0.040879 0.539308
1403638530.327830 0.052043 -0.043599 0.034749 0.026407 0.840017 -0.047127 0.539865
1403638530.427830 0.064940 -0.047238 0.025843 0.030210 0.839407 -0.051501 0.540214
1403638530.527829 0.075167 -0.051176 0.019287 0.028198 0.839181 -0.055640 0.540264
1403638530.627830 0.081052 -0.055359 0.014272 0.030339 0.840390 -0.058394 0.537973
1403638530.727829 0.084565 -0.058047 0.009024 0.031027 0.844196 -0.060787 0.531672
1403638530.827830 0.087140 -0.060098 0.003787 0.031313 0.846239 -0.061555 0.528308
1403638530.927830 0.089020 -0.061017 0.000052 0.029311 0.845258 -0.061136 0.530040
1403638531.027829 0.089740 -0.060977 -0.002589 0.028220 0.842500 -0.061121 0.534474
1403638531.127830 0.089129 -0.059813 -0.002786 0.030649 0.838872 -0.059806 0.540164
1403638531.227829 0.089714 -0.058538 -0.003480 0.032728 0.838598 -0.057011 0.540769
1403638531.327830 0.089680 -0.057214 -0.004309 0.033429 0.835086 -0.057209 0.546115
1403638531.427830 0.089694 -0.057336 -0.004471 0.033974 0.836019 -0.056532 0.544722
1403638531.527829 0.089321 -0.057395 -0.004399 0.033489 0.835226 -0.057032 0.545915
1403638531.627830 0.089259 -0.057501 -0.004461 0.034166 0.835312 -0.056096 0.545839
1403638531.727829 0.089252 -0.057473 -0.004515 0.034199 0.835404 -0.056627 0.545641
1403638531.827830 0.089306 -0.057479 -0.004554 0.034255 0.835376 -0.056812 0.545661
1403638531.927830 0.089314 -0.057448 -0.004581 0.034217 0.835315 -0.057043 0.545733
1403638532.027829 0.089335 -0.057424 -0.004629 0.034213 0.835269 -0.057237 0.545784
1403638532.127830 0.089383 -0.057458 -0.004635 0.034316 0.835221 -0.057389 0.545834
1403638532.227829 0.089336 -0.057476 -0.004646 0.034524 0.835254 -0.057277 0.545782
1403638532.327830 0.089365 -0.057538 -0.004642 0.034751 0.835178 -0.057319 0.545879
1403638532.427830 0.089349 -0.057578 -0.004643 0.034843 0.835161 -0.057294 0.545902
1403638532.527829 0.089353 -0.057596 -0.004649 0.034904 0.835132 -0.057367 0.545935
1403638532.627830 0.089369 -0.057613 -0.004671 0.034942 0.835121 -0.057442 0.545942
1403638532.727829 0.089362 -0.057605 -0.004688 0.034955 0.835083 -0.057499 0.545994
1403638532.827830 0.089380 -0.057607 -0.004676 0.034969 0.835054 -0.057561 0.546030
1403638532.927830 0.089358 -0.057607 -0.004683 0.035056 0.835041 -0.057535 0.546047
1403638533.027829 0.089368 -0.057635 -0.004677 0.035129 0.834999 -0.057585 0.546101
1403638533.127830 0.089361 -0.057645 -0.004677 0.035156 0.834983 -0.057615 0.546121
1403638533.227829 0.089358 -0.057658 -0.004696 0.035202 0.834950 -0.057656 0.546164
1403638533.327830 0.089369 -0.057663 -0.004689 0.035272 0.834909 -0.057682 0.546220
1403638533.427830 0.089352 -0.057668 -0.004707 0.035229 0.834893 -0.057717 0.546242
1403638533.527829 0.089367 -0.057676 -0.004700 0.035284 0.834860 -0.057741 0.546287
1403638533.627830 0.089369 -0.057699 -0.004695 0.035346 0.834839 -0.057725 0.546317
1403638533.727829 0.089345 -0.057694 -0.004699 0.035400 0.834849 -0.057752 0.546296
1403638533.827830 0.089358 -0.057715 -0.004703 0.035380 0.834784 -0.057823 0.546388
1403638533.927830 0.089402 -0.057710 -0.004754 0.035344 0.834825 -0.057705 0.546340
1403638534.027829 0.089370 -0.057713 -0.004747 0.035427 0.834782 -0.057860 0.546385
1403638534.127830 0.089351 -0.057724 -0.004714 0.035524 0.834805 -0.058017 0.546327
1403638534.227829 0.089336 -0.057697 -0.004700 0.035374 0.834783 -0.058052 0.546366
1403638534.327830 0.089363 -0.057667 -0.004676 0.035155 0.834843 -0.057975 0.546297
1403638534.427830 0.089354 -0.057640 -0.004685 0.035068 0.834938 -0.057982 0.546156
1403638534.527829 0.089344 -0.057691 -0.004667 0.035305 0.834935 -0.058242 0.546117
1403638534.627830 0.089374 -0.057661 -0.004626 0.035086 0.834997 -0.057819 0.546082
1403638534.727829 0.089393 -0.057652 -0.004630 0.034908 0.834999 -0.057568 0.546117
1403638534.827830 0.089384 -0.057658 -0.004626 0.035000 0.834962 -0.057645 0.546161
1403638534.927830 0.089356 -0.057701 -0.004639 0.035270 0.834971 -0.057846 0.546108
1403638535.027829 0.089364 -0.057724 -0.004626 0.035205 0.834990 -0.057804 0.546087
1403638535.127830 0.089356 -0.057722 -0.004613 0.035183 0.835022 -0.057742 0.546046
1403638535.227829 0.089349 -0.057731 -0.004623 0.035119 0.835001 -0.057745 0.546081
1403638535.327830 0.089351 -0.057735 -0.004615 0.035139 0.834994 -0.057781 0.546087
1403638535.427830 0.089350 -0.057711 -0.004592 0.035176 0.834977 -0.057720 0.546117
1403638535.527829 0.089364 -0.057700 -0.004587 0.035127 0.834947 -0.057751 0.546163
1403638535.627830 0.089362 -0.057686 -0.004597 0.035085 0.834981 -0.057683 0.546121
1403638535.727829 0.089363 -0.057688 -0.004590 0.035074 0.834967 -0.057713 0.546140
1403638535.827830 0.089365 -0.057693 -0.004591 0.035004 0.834960 -0.057675 0.546159
1403638535.927830 0.089354 -0.057678 -0.004597 0.034969 0.834969 -0.057695 0.546145
1403638536.027829 0.089357 -0.057688 -0.004587 0.034885 0.834962 -0.057675 0.546163
1403638536.127830 0.089360 -0.057680 -0.004583 0.034863 0.834955 -0.057689 0.546175
1403638536.227829 0.089378 -0.057685 -0.004564 0.034818 0.834935 -0.057683 0.546209
1403638536.327830 0.089377 -0.057683 -0.004578 0.034791 0.834848 -0.057649 0.546347
1403638536.427830 0.089376 -0.057679 -0.004579 0.034850 0.834833 -0.057702 0.546360
1403638536.527829 0.089377 -0.057683 -0.004564 0.034797 0.834845 -0.057643 0.546352
1403638536.627830 0.089363 -0.057665 -0.004568 0.034796 0.834801 -0.057719 0.546412
1403638536.727829 0.089368 -0.057677 -0.004572 0.034873 0.834798 -0.057659 0.546417
1403638536.827830 0.089365 -0.057701 -0.004580 0.034873 0.834781 -0.057705 0.546437
1403638536.927830 0.089363 -0.057720 -0.004576 0.034886 0.834748 -0.057714 0.546486
1403638537.027829 0.089371 -0.057711 -0.004562 0.034873 0.834784 -0.057685 0.546435
1403638537.127830 0.089380 -0.057683 -0.004563 0.034954 0.834768 -0.057611 0.546463
1403638537.227829 0.089382 -0.057665 -0.004545 0.034946 0.834769 -0.057674 0.546455
1403638537.327830 0.089393 -0.057658 -0.004544 0.034892 0.834729 -0.057651 0.546522
1403638537.427830 0.089396 -0.057648 -0.004548 0.034840 0.834717 -0.057609 0.546549
1403638537.527829 0.089405 -0.057631 -0.004528 0.034877 0.834722 -0.057560 0.546543
1403638537.627830 0.089407 -0.057624 -0.004498 0.034992 0.834742 -0.057464 0.546516
1403638537.727829 0.089407 -0.057664 -0.004487 0.035033 0.834806 -0.057504 0.546411
1403638537.827830 0.089403 -0.057635 -0.004465 0.035011 0.834763 -0.057505 0.546477
1403638537.927830 0.089426 -0.057630 -0.004478 0.034943 0.834722 -0.057458 0.546549
1403638538.027829 0.089420 -0.057650 -0.004420 0.035007 0.834789 -0.057511 0.546438
1403638538.127830 0.089407 -0.057647 -0.004406 0.035165 0.834685 -0.057493 0.546589
1403638538.227829 0.089426 -0.057630 -0.004427 0.035118 0.834712 -0.057494 0.546550
1403638538.327830 0.089408 -0.057632 -0.004447 0.035079 0.834739 -0.057390 0.546522
1403638538.427830 0.089485 -0.057606 -0.004368 0.035208 0.834589 -0.057468 0.546735
1403638538.527829 0.089451 -0.057645 -0.004269 0.035254 0.834557 -0.057553 0.546772
1403638538.627830 0.089398 -0.057678 -0.004176 0.035443 0.834366 -0.057650 0.547040
1403638538.727829 0.089361 -0.057736 -0.004062 0.035575 0.834066 -0.057582 0.547497
1403638538.827830 0.090131 -0.057577 -0.003928 0.035137 0.833553 -0.057107 0.548355
1403638538.927830 0.092379 -0.057360 -0.002253 0.035529 0.830667 -0.056580 0.552746
1403638539.027829 0.095776 -0.057222 0.000908 0.036512 0.825970 -0.057104 0.559624
1403638539.127830 0.101623 -0.057300 0.006850 0.036308 0.819369 -0.058504 0.569116
1403638539.227829 0.109517 -0.056953 0.018558 0.036169 0.814645 -0.057900 0.575928
1403638539.327830 0.117870 -0.056817 0.037957 0.035647 0.813775 -0.057624 0.577217
1403638539.427830 0.126531 -0.057171 0.064430 0.035486 0.815403 -0.056519 0.575034
1403638539.527829 0.136221 -0.058050 0.095383 0.034979 0.817397 -0.055284 0.572348
1403638539.627830 0.144617 -0.058551 0.127725 0.034126 0.818078 -0.054354 0.571515
1403638539.727829 0.153708 -0.059393 0.150392 0.033505 0.818720 -0.053363 0.570725
1403638539.827830 0.164063 -0.059749 0.162265 0.033331 0.820340 -0.052028 0.568528
1403638539.927830 0.176748 -0.059731 0.170671 0.032036 0.824209 -0.051370 0.563040
1403638540.027829 0.195761 -0.060703 0.176538 0.030680 0.829648 -0.051827 0.555028
1403638540.127830 0.215562 -0.062219 0.184219 0.030357 0.835498 -0.051661 0.546217
1403638540.227829 0.246325 -0.063591 0.191043 0.030730 0.835430 -0.050331 0.546424
1403638540.327830 0.283772 -0.064582 0.202236 0.031424 0.829207 -0.049260 0.555879
1403638540.427830 0.324162 -0.066313 0.209856 0.030699 0.824642 -0.045313 0.563000
1403638540.527829 0.369260 -0.066470 0.214771 0.025302 0.824165 -0.036719 0.564591
1403638540.627830 0.416319 -0.065368 0.220234 0.016575 0.824355 -0.022767 0.565372
1403638540.727829 0.465276 -0.063092 0.226208 0.009538 0.823521 -0.001302 0.567204
1403638540.827830 0.515756 -0.057944 0.231793 0.000668 0.822867 0.025069 0.567680
1403638540.927830 0.567115 -0.048708 0.234852 -0.010989 0.821861 0.053195 0.567093
1403638541.027829 0.619771 -0.034821 0.236215 -0.025854 0.820132 0.075754 0.566548
1403638541.127830 0.673299 -0.017805 0.235303 -0.038072 0.817829 0.092043 0.566775
1403638541.227829 0.727519 0.002772 0.229792 -0.045634 0.816969 0.103020 0.565567
1403638541.327830 0.781824 0.028201 0.227156 -0.049540 0.816392 0.108901 0.564970
1403638541.427830 0.835279 0.059695 0.230769 -0.051880 0.816472 0.110058 0.564420
1403638541.527829 0.886860 0.095671 0.239437 -0.050565 0.815243 0.110782 0.566171
1403638541.627830 0.942000 0.139500 0.256351 -0.051283 0.813697 0.112877 0.567914
1403638541.727829 0.996166 0.187846 0.279496 -0.058592 0.811886 0.117232 0.568915
1403638541.827830 1.049722 0.243044 0.311092 -0.070652 0.810892 0.123525 0.567631
1403638541.927830 1.098804 0.300688 0.344020 -0.082696 0.809780 0.135265 0.564908
1403638542.027829 1.145491 0.359647 0.371307 -0.096214 0.808007 0.151177 0.561260
1403638542.127830 1.192903 0.419039 0.392522 -0.109859 0.805141 0.170446 0.557339
1403638542.227829 1.239095 0.479466 0.407440 -0.126040 0.801276 0.191481 0.552635
1403638542.327830 1.285784 0.541389 0.417144 -0.140530 0.796154 0.215034 0.547860
1403638542.427830 1.333740 0.604139 0.424293 -0.150635 0.785000 0.235524 0.552822
1403638542.527829 1.378842 0.666491 0.428225 -0.151486 0.771560 0.254780 0.562880
1403638542.627830 1.419752 0.731933 0.431266 -0.148842 0.763257 0.269410 0.568070
1403638542.727829 1.452376 0.800857 0.438739 -0.152886 0.763686 0.273738 0.564337
1403638542.827830 1.479658 0.874814 0.454072 -0.162083 0.768360 0.270745 0.556821
1403638542.927830 1.500341 0.951332 0.475990 -0.167988 0.773934 0.267325 0.548947
1403638543.027829 1.515361 1.027807 0.504609 -0.171064 0.777976 0.264563 0.543597
1403638543.127830 1.529655 1.106536 0.530873 -0.172868 0.780287 0.261256 0.541308
1403638543.227829 1.542648 1.183000 0.553132 -0.172303 0.781187 0.259724 0.540927
1403638543.327830 1.557110 1.262717 0.567396 -0.172454 0.781842 0.257427 0.541030
1403638543.427830 1.573016 1.345585 0.578147 -0.173383 0.781864 0.258726 0.540081
1403638543.527829 1.586267 1.425779 0.588431 -0.177294 0.780116 0.265873 0.537865
1403638543.627830 1.601017 1.510570 0.590288 -0.182435 0.775601 0.281405 0.534763
1403638543.727829 1.614066 1.594103 0.595415 -0.191716 0.768739 0.300759 0.530876
1403638543.827830 1.624238 1.676781 0.603855 -0.201810 0.758898 0.323939 0.527646
1403638543.927830 1.633065 1.759563 0.619824 -0.216428 0.749371 0.344728 0.522269
1403638544.027829 1.642281 1.841101 0.641191 -0.231466 0.742784 0.359381 0.515306
1403638544.127830 1.653103 1.924495 0.663863 -0.243349 0.739266 0.368785 0.508197
1403638544.227829 1.665528 2.009015 0.682771 -0.252966 0.736421 0.373210 0.504388
1403638544.327830 1.680484 2.096735 0.695045 -0.257292 0.734721 0.376341 0.502348
1403638544.427830 1.695961 2.185407 0.702539 -0.258329 0.735330 0.377519 0.500036
1403638544.527829 1.713276 2.278115 0.709879 -0.257377 0.734566 0.377543 0.501629
1403638544.627830 1.730655 2.372670 0.718211 -0.261697 0.729253 0.376854 0.507628
1403638544.727829 1.748374 2.466371 0.732848 -0.265246 0.724771 0.376947 0.512116
1403638544.827830 1.764072 2.559374 0.751993 -0.264126 0.726482 0.378882 0.508831
1403638544.927830 1.779228 2.650940 0.764734 -0.262981 0.729341 0.380335 0.504230
1403638545.027829 1.796469 2.739399 0.770488 -0.264354 0.728767 0.380563 0.504169
1403638545.127830 1.810037 2.825026 0.772657 -0.265468 0.727618 0.380909 0.504982
1403638545.227829 1.827221 2.914604 0.766780 -0.264155 0.727926 0.382564 0.503974
1403638545.327830 1.842074 3.000996 0.757911 -0.264843 0.725806 0.383087 0.506269
1403638545.427830 1.858337 3.088019 0.741550 -0.266785 0.724796 0.382278 0.507307
1403638545.527829 1.876738 3.181547 0.728130 -0.269689 0.723531 0.385717 0.504968
1403638545.627830 1.890116 3.266383 0.720766 -0.276827 0.719926 0.394653 0.499321
1403638545.727829 1.905468 3.349284 0.716228 -0.285074 0.713615 0.408799 0.492311
1403638545.827830 1.921698 3.432719 0.721440 -0.295292 0.703059 0.427277 0.485742
1403638545.927830 1.936942 3.517928 0.732904 -0.305567 0.691351 0.448458 0.477020
1403638546.027829 1.952711 3.604418 0.750666 -0.314016 0.679064 0.469068 0.469299
1403638546.127830 1.970445 3.695506 0.766068 -0.320194 0.668381 0.485122 0.464112
1403638546.227829 1.986608 3.789290 0.774890 -0.327263 0.662001 0.494359 0.458544
1403638546.327830 2.001764 3.883849 0.776836 -0.333189 0.658832 0.499113 0.453665
1403638546.427830 2.015533 3.979549 0.773498 -0.337929 0.658478 0.500229 0.449424
1403638546.527829 2.028302 4.074527 0.766747 -0.339087 0.657420 0.502070 0.448045
1403638546.627830 2.040261 4.169689 0.763834 -0.341173 0.653649 0.507102 0.446309
1403638546.727829 2.051519 4.268641 0.769045 -0.344881 0.648730 0.512915 0.443987
1403638546.827830 2.062650 4.370048 0.784241 -0.345707 0.644356 0.518702 0.442989
1403638546.927830 2.071514 4.473880 0.802749 -0.345924 0.641268 0.522900 0.442365
1403638547.027829 2.079687 4.579034 0.815964 -0.344465 0.638176 0.526745 0.443414
1403638547.127830 2.084100 4.683386 0.821351 -0.341075 0.635430 0.530735 0.445215
1403638547.227829 2.086747 4.791231 0.823578 -0.339033 0.634165 0.532736 0.446188
1403638547.327830 2.082422 4.896523 0.818946 -0.337908 0.633217 0.533556 0.447407
1403638547.427830 2.075260 5.005378 0.814024 -0.343015 0.636587 0.529662 0.443347
1403638547.527829 2.065516 5.113941 0.805693 -0.347796 0.639875 0.525644 0.439655
1403638547.627830 2.051557 5.215865 0.788765 -0.350248 0.642020 0.523138 0.437564
1403638547.727829 2.039909 5.328568 0.770226 -0.348773 0.642404 0.522727 0.438670
1403638547.827830 2.022551 5.429795 0.744141 -0.344809 0.640125 0.525071 0.442320
1403638547.927830 2.006704 5.544153 0.719692 -0.344393 0.639913 0.525044 0.442983
1403638548.027829 1.988088 5.661214 0.700937 -0.345715 0.639353 0.526117 0.441485
1403638548.127830 1.963881 5.775269 0.688724 -0.349313 0.636518 0.530051 0.438031
1403638548.227829 1.941892 5.902668 0.687506 -0.355232 0.631267 0.536757 0.432671
1403638548.327830 1.916608 6.025661 0.693532 -0.362945 0.623278 0.546590 0.425482
1403638548.427830 1.890775 6.150515 0.708073 -0.370063 0.613652 0.558928 0.417234
1403638548.527829 1.865750 6.279749 0.724444 -0.377828 0.605162 0.567594 0.410929
1403638548.627830 1.840656 6.402008 0.738066 -0.383109 0.597873 0.574652 0.406879
1403638548.727829 1.817236 6.523699 0.748672 -0.386899 0.593296 0.579332 0.403340
1403638548.827830 1.793162 6.648645 0.759478 -0.389286 0.590360 0.582511 0.400765
1403638548.927830 1.767284 6.777023 0.777775 -0.391174 0.588708 0.583843 0.399415
1403638549.027829 1.739619 6.906369 0.800057 -0.390262 0.588029 0.585652 0.398659
1403638549.127830 1.713650 7.028865 0.830492 -0.392548 0.588458 0.584242 0.397849
1403638549.227829 1.685903 7.156676 0.865320 -0.392936 0.588522 0.583772 0.398063
1403638549.327830 1.659751 7.285497 0.906754 -0.394507 0.589741 0.581962 0.397354
1403638549.427830 1.631640 7.415657 0.947596 -0.396943 0.590997 0.579448 0.396735
1403638549.527829 1.605620 7.548055 0.984757 -0.397709 0.592293 0.578012 0.396130
1403638549.627830 1.579754 7.681947 1.014883 -0.399677 0.591509 0.576106 0.398091
1403638549.727829 1.556579 7.816993 1.043283 -0.398492 0.591000 0.576035 0.400135
1403638549.827830 1.534104 7.953483 1.073734 -0.398573 0.592709 0.575592 0.398158
1403638549.927830 1.512315 8.088824 1.112787 -0.396625 0.593520 0.576419 0.397699
1403638550.027829 1.492014 8.231391 1.159655 -0.397262 0.594525 0.575763 0.396510
1403638550.127830 1.471795 8.373775 1.213956 -0.398342 0.595424 0.575266 0.394795
1403638550.227829 1.454133 8.517458 1.275378 -0.398151 0.595224 0.575994 0.394227
1403638550.327830 1.436499 8.664065 1.344387 -0.397432 0.594372 0.576784 0.395084
1403638550.427830 1.421085 8.810172 1.408826 -0.399605 0.593906 0.575887 0.394900
1403638550.527829 1.406781 8.955846 1.466979 -0.402103 0.595177 0.574352 0.392680
1403638550.627830 1.395143 9.101598 1.516117 -0.406755 0.594449 0.571249 0.393516
1403638550.727829 1.387267 9.245977 1.564173 -0.410942 0.593269 0.568335 0.395164
1403638550.827830 1.383714 9.386528 1.601797 -0.414468 0.591003 0.565582 0.398809
1403638550.927830 1.384109 9.524604 1.637217 -0.420754 0.586512 0.560773 0.405590
1403638551.027829 1.385409 9.659448 1.668903 -0.425868 0.583437 0.556953 0.409929
1403638551.127830 1.389486 9.786372 1.698440 -0.429031 0.582572 0.554547 0.411121
1403638551.227829 1.397917 9.903304 1.732217 -0.432719 0.583004 0.552531 0.409353
1403638551.327830 1.412595 10.015298 1.774025 -0.430001 0.587429 0.551623 0.407109
1403638551.427830 1.431111 10.125686 1.813396 -0.424123 0.597954 0.545032 0.406831
1403638551.527829 1.458289 10.232463 1.851309 -0.416888 0.612627 0.532259 0.409381
1403638551.627830 1.490500 10.342378 1.883783 -0.410729 0.629105 0.514286 0.413568
1403638551.727829 1.532296 10.444770 1.912259 -0.402786 0.644343 0.495825 0.420408
1403638551.827830 1.583148 10.544293 1.934026 -0.393127 0.657776 0.477920 0.429389
1403638551.927830 1.641716 10.635852 1.954608 -0.381050 0.664547 0.467052 0.441635
1403638552.027829 1.706846 10.719861 1.981307 -0.370357 0.666335 0.460768 0.454452
1403638552.127830 1.775473 10.793353 2.013256 -0.362612 0.669352 0.456891 0.460142
1403638552.227829 1.847209 10.858856 2.049866 -0.357935 0.674294 0.454813 0.458645
1403638552.327830 1.921808 10.917023 2.088606 -0.355870 0.676956 0.453546 0.457584
1403638552.427830 2.001053 10.972905 2.123983 -0.361644 0.675412 0.448551 0.460254
1403638552.527829 2.082445 11.013602 2.154064 -0.368537 0.671839 0.443792 0.464610
1403638552.627830 2.168102 11.050444 2.178505 -0.372055 0.668322 0.442371 0.468219
1403638552.727829 2.257190 11.078410 2.196087 -0.371883 0.667509 0.444292 0.467696
1403638552.827830 2.349649 11.097957 2.208785 -0.370657 0.666285 0.447413 0.467439
1403638552.927830 2.446002 11.114490 2.216065 -0.366708 0.664801 0.453131 0.467159
1403638553.027829 2.544187 11.122221 2.219938 -0.361911 0.662448 0.459192 0.468322
1403638553.127830 2.643013 11.127726 2.219666 -0.362372 0.659470 0.461608 0.469792
1403638553.227829 2.742059 11.125878 2.217904 -0.370565 0.654339 0.457973 0.474114
1403638553.327830 2.842041 11.117495 2.218974 -0.375425 0.648458 0.456514 0.479744
1403638553.427830 2.940676 11.098402 2.225574 -0.373293 0.643206 0.459365 0.485719
1403638553.527829 3.037999 11.069121 2.238231 -0.370131 0.638705 0.462803 0.490788
1403638553.627830 3.131102 11.024307 2.254737 -0.367193 0.635711 0.465480 0.494337
1403638553.727829 3.221490 10.969781 2.278812 -0.365624 0.635337 0.467480 0.494093
1403638553.827830 3.309082 10.907070 2.309670 -0.363419 0.636685 0.469450 0.492113
1403638553.927830 3.387902 10.833038 2.343955 -0.361240 0.638536 0.470723 0.490100
1403638554.027829 3.471521 10.760305 2.380002 -0.361664 0.643144 0.470530 0.483907
1403638554.127830 3.542986 10.672908 2.405713 -0.359304 0.644933 0.472242 0.481611
1403638554.227829 3.624109 10.594728 2.432139 -0.351035 0.650008 0.478501 0.474658
1403638554.327830 3.691967 10.502430 2.446248 -0.343916 0.654523 0.483819 0.468232
1403638554.427830 3.768046 10.423002 2.464033 -0.340225 0.656945 0.486886 0.464340
1403638554.527829 3.836680 10.341715 2.476678 -0.338637 0.657708 0.488271 0.462964
1403638554.627830 3.901669 10.260195 2.485620 -0.341436 0.659499 0.486836 0.459863
1403638554.727829 3.963643 10.173902 2.496797 -0.347117 0.660367 0.483118 0.458282
1403638554.827830 4.026622 10.094010 2.514859 -0.351618 0.661192 0.480454 0.456458
1403638554.927830 4.089893 10.011414 2.535272 -0.354959 0.661452 0.477897 0.456179
1403638555.027829 4.154407 9.928596 2.552135 -0.355295 0.663220 0.473604 0.457826
1403638555.127830 4.223145 9.850975 2.565687 -0.349069 0.667847 0.468766 0.460857
1403638555.227829 4.291319 9.765277 2.570469 -0.343043 0.674704 0.460486 0.463733
1403638555.327830 4.362371 9.684772 2.575066 -0.337099 0.679992 0.453649 0.467095
1403638555.427830 4.436000 9.600214 2.575630 -0.329392 0.682196 0.450800 0.472111
1403638555.527829 4.508204 9.515938 2.570832 -0.326455 0.684292 0.447206 0.474530
1403638555.627830 4.580893 9.431690 2.568063 -0.324114 0.685349 0.445750 0.475977
1403638555.727829 4.652386 9.346237 2.573007 -0.324409 0.686839 0.444425 0.474866
1403638555.827830 4.723030 9.259897 2.587814 -0.322908 0.687178 0.445587 0.474309
1403638555.927830 4.793144 9.172898 2.605987 -0.321511 0.686870 0.447117 0.474264
1403638556.027829 4.864385 9.094465 2.631686 -0.320535 0.685722 0.448494 0.475285
1403638556.127830 4.935782 9.013978 2.657018 -0.319275 0.687709 0.449588 0.472219
1403638556.227829 5.007421 8.939349 2.675575 -0.317097 0.692327 0.450840 0.465700
1403638556.327830 5.080141 8.862975 2.689429 -0.316125 0.694918 0.451473 0.461873
1403638556.427830 5.153305 8.798568 2.701466 -0.315024 0.696928 0.452186 0.458889
1403638556.527829 5.230524 8.731718 2.711919 -0.312233 0.700454 0.453527 0.454078
1403638556.627830 5.306683 8.679283 2.723004 -0.316407 0.703616 0.449732 0.450059
1403638556.727829 5.385948 8.633057 2.737450 -0.323865 0.703268 0.443625 0.451356
1403638556.827830 5.471595 8.579435 2.760546 -0.330099 0.700440 0.439244 0.455503
1403638556.927830 5.560784 8.537277 2.789289 -0.334735 0.699171 0.435801 0.457373
1403638557.027829 5.656638 8.492960 2.816394 -0.335915 0.697918 0.435186 0.459003
1403638557.127830 5.758545 8.447083 2.836447 -0.333522 0.696144 0.437463 0.461273
1403638557.227829 5.863957 8.394945 2.850394 -0.332542 0.694759 0.438542 0.463040
1403638557.327830 5.971560 8.350469 2.857856 -0.331373 0.693905 0.439811 0.463955
1403638557.427830 6.082131 8.304084 2.864812 -0.328026 0.691883 0.442780 0.466522
1403638557.527829 6.194475 8.258425 2.876551 -0.322280 0.689124 0.447149 0.470428
1403638557.627830 6.305735 8.212406 2.893954 -0.318951 0.686925 0.449633 0.473535
1403638557.727829 6.415594 8.169086 2.916037 -0.317796 0.686267 0.450343 0.474588
1403638557.827830 6.523983 8.126359 2.936385 -0.315800 0.686019 0.451125 0.475536
1403638557.927830 6.631725 8.083460 2.950391 -0.313016 0.686290 0.452837 0.475358
1403638558.027829 6.738380 8.041426 2.957263 -0.311432 0.688954 0.453908 0.471507
1403638558.127830 6.844544 7.999931 2.959840 -0.309456 0.694018 0.454859 0.464411
1403638558.227829 6.952048 7.962189 2.963687 -0.306596 0.700216 0.456203 0.455605
1403638558.327830 7.061138 7.930718 2.975342 -0.302503 0.701896 0.458581 0.453363
1403638558.427830 7.170385 7.906450 2.997917 -0.296436 0.704277 0.462185 0.450005
1403638558.527829 7.279436 7.890435 3.026968 -0.293044 0.707464 0.463734 0.445612
1403638558.627830 7.391358 7.883893 3.063051 -0.297917 0.708729 0.459788 0.444460
1403638558.727829 7.506559 7.886281 3.102228 -0.308351 0.709297 0.451932 0.444494
1403638558.827830 7.622426 7.896100 3.137475 -0.313727 0.708822 0.447633 0.445838
1403638558.927830 7.745410 7.908451 3.164121 -0.314526 0.705694 0.447013 0.450830
1403638559.027829 7.869866 7.925899 3.183617 -0.315128 0.700582 0.446877 0.458453
1403638559.127830 7.994975 7.947053 3.195549 -0.316142 0.696806 0.446601 0.463749
1403638559.227829 8.119353 7.970860 3.200767 -0.315134 0.693526 0.448148 0.467841
1403638559.327830 8.243262 7.996146 3.199230 -0.313329 0.691166 0.450212 0.470557
1403638559.427830 8.364928 8.022114 3.191841 -0.309152 0.688508 0.453878 0.473684
1403638559.527829 8.481962 8.049167 3.180140 -0.307740 0.686617 0.455317 0.475962
1403638559.627830 8.595926 8.077469 3.164053 -0.308008 0.684902 0.455894 0.477704
1403638559.727829 8.707645 8.106956 3.148097 -0.308363 0.683988 0.456453 0.478251
1403638559.827830 8.815721 8.138026 3.137179 -0.309615 0.684548 0.456473 0.476618
1403638559.927830 8.921536 8.171413 3.131424 -0.309823 0.685644 0.453936 0.477330
1403638560.027829 9.028094 8.204479 3.121019 -0.306758 0.691523 0.444505 0.479698
1403638560.127830 9.133863 8.237182 3.103854 -0.299420 0.700592 0.428801 0.485436
1403638560.227829 9.239221 8.270448 3.080520 -0.287797 0.711276 0.409256 0.493729
1403638560.327830 9.343413 8.302834 3.055577 -0.275928 0.720417 0.386426 0.505507
1403638560.427830 9.444220 8.333472 3.028430 -0.264032 0.728599 0.361777 0.518216
1403638560.527829 9.540502 8.362197 2.996823 -0.251413 0.736805 0.336240 0.529955
1403638560.627830 9.632342 8.386642 2.960986 -0.241176 0.747193 0.308273 0.537125
1403638560.727829 9.720017 8.405619 2.924231 -0.233892 0.757466 0.280725 0.541049
1403638560.827830 9.805234 8.417185 2.893622 -0.223437 0.764866 0.257652 0.546508
1403638560.927830 9.890215 8.422725 2.870261 -0.213079 0.770601 0.234992 0.552766
1403638561.027829 9.974831 8.420257 2.855251 -0.200100 0.773071 0.215230 0.562137
1403638561.127830 10.055206 8.409202 2.846913 -0.188430 0.775501 0.195949 0.569821
1403638561.227829 10.132445 8.390559 2.845150 -0.179321 0.776588 0.180414 0.576373
1403638561.327830 10.204605 8.365063 2.849912 -0.173126 0.778142 0.170539 0.579170
1403638561.427830 10.270080 8.331335 2.852388 -0.161159 0.784214 0.170942 0.574295
1403638561.527829 10.332200 8.290123 2.851272 -0.148794 0.788681 0.175998 0.569971
1403638561.627830 10.391614 8.247374 2.842943 -0.142130 0.791424 0.179807 0.566671
1403638561.727829 10.445669 8.202457 2.830545 -0.140697 0.792243 0.182264 0.565098
1403638561.827830 10.498103 8.158002 2.811953 -0.139292 0.791718 0.184237 0.565542
1403638561.927830 10.547973 8.109884 2.789474 -0.135130 0.791663 0.183087 0.567000
1403638562.027829 10.595257 8.062553 2.762851 -0.129604 0.793050 0.175634 0.568706
1403638562.127830 10.639614 8.011536 2.743943 -0.122240 0.795029 0.165868 0.570503
1403638562.227829 10.681352 7.961847 2.729660 -0.115274 0.796367 0.157677 0.572407
1403638562.327830 10.719910 7.914378 2.722006 -0.109190 0.797537 0.147817 0.574597
1403638562.427830 10.756106 7.865843 2.718338 -0.102265 0.798956 0.133970 0.577289
1403638562.527829 10.790424 7.816631 2.720801 -0.093282 0.801924 0.116181 0.578548
1403638562.627830 10.821934 7.767264 2.729547 -0.084542 0.803945 0.093673 0.581162
1403638562.727829 10.849601 7.716433 2.741930 -0.075483 0.806415 0.068698 0.582476
1403638562.827830 10.873924 7.662172 2.752531 -0.064105 0.808081 0.043151 0.583982
1403638562.927830 10.892427 7.604227 2.757552 -0.050270 0.809439 0.019151 0.584734
1403638563.027829 10.907095 7.543329 2.757138 -0.038051 0.809574 -0.003737 0.585772
1403638563.127830 10.917212 7.479066 2.751891 -0.030892 0.809876 -0.027850 0.585125
1403638563.227829 10.923396 7.409444 2.742823 -0.017550 0.808109 -0.043644 0.587151
1403638563.327830 10.924624 7.335442 2.729225 -0.007683 0.803500 -0.054461 0.592759
1403638563.427830 10.919502 7.257369 2.711178 -0.003765 0.794859 -0.062649 0.603540
1403638563.527829 10.907278 7.175242 2.687973 -0.000175 0.792656 -0.065267 0.606165
1403638563.627830 10.888072 7.088072 2.668176 0.003415 0.795341 -0.064411 0.602721
1403638563.727829 10.861649 6.995736 2.655305 0.000925 0.798221 -0.064963 0.598851
1403638563.827830 10.830157 6.898157 2.649493 -0.002865 0.799615 -0.064937 0.596985
1403638563.927830 10.793007 6.796118 2.653006 -0.006210 0.799044 -0.063744 0.597852
1403638564.027829 10.751083 6.687807 2.657789 -0.010090 0.798684 -0.061463 0.598518
1403638564.127830 10.701101 6.575525 2.657764 -0.013363 0.798545 -0.058095 0.598976
1403638564.227829 10.646063 6.457071 2.653614 -0.013777 0.797834 -0.052618 0.600418
1403638564.327830 10.588926 6.329571 2.651335 -0.011966 0.796821 -0.046090 0.602336
1403638564.427830 10.521567 6.203141 2.656078 -0.012281 0.794872 -0.042166 0.605186
1403638564.527829 10.449589 6.070681 2.667496 -0.013493 0.794927 -0.039834 0.605245
1403638564.627830 10.366123 5.939026 2.680030 -0.017579 0.797075 -0.040725 0.602249
1403638564.727829 10.279591 5.801062 2.689931 -0.022502 0.798475 -0.043979 0.599997
1403638564.827830 10.184862 5.658726 2.691072 -0.025284 0.798679 -0.047035 0.599383
1403638564.927830 10.088530 5.512641 2.683012 -0.027474 0.797874 -0.049531 0.600158
1403638565.027829 9.983742 5.357126 2.651340 -0.028790 0.797826 -0.050390 0.600088
1403638565.127830 9.876729 5.198099 2.610063 -0.029703 0.798485 -0.051053 0.599110
1403638565.227829 9.767937 5.031565 2.555901 -0.029345 0.799336 -0.050654 0.598025
1403638565.327830 9.655076 4.858826 2.497368 -0.027015 0.800235 -0.049795 0.597005
1403638565.427830 9.538740 4.682427 2.436646 -0.024697 0.801099 -0.048512 0.596051
1403638565.527829 9.418748 4.499279 2.378971 -0.019214 0.799033 -0.046830 0.599153
1403638565.627830 9.296467 4.314679 2.329226 -0.010707 0.797461 -0.043365 0.601715
1403638565.727829 9.170227 4.129085 2.287102 0.001460 0.798555 -0.037028 0.600780
1403638565.827830 9.038489 3.945978 2.252019 0.007745 0.801511 -0.034496 0.596935
1403638565.927830 8.900502 3.765386 2.223285 0.013802 0.803850 -0.032534 0.593781
1403638566.027829 8.759523 3.587905 2.192784 0.014586 0.805023 -0.033524 0.592117
1403638566.127830 8.615881 3.414029 2.154645 0.015017 0.805158 -0.033930 0.591898
1403638566.227829 8.471125 3.243984 2.107117 0.015388 0.804839 -0.033745 0.592333
1403638566.327830 8.327387 3.076574 2.051848 0.014746 0.805862 -0.033671 0.590961
1403638566.427830 8.183493 2.912264 1.989263 0.014324 0.805740 -0.032413 0.591209
1403638566.527829 8.041671 2.753132 1.920777 0.012290 0.806075 -0.031786 0.590831
1403638566.627830 7.900639 2.599138 1.845054 0.010407 0.812694 -0.030669 0.581790
1403638566.727829 7.761790 2.449678 1.762495 0.009320 0.824974 -0.029655 0.564315
1403638566.827830 7.629047 2.300753 1.676324 0.009701 0.834634 -0.026530 0.550080
1403638566.927830 7.503030 2.155120 1.588234 0.009415 0.840810 -0.023928 0.540719
1403638567.027829 7.387254 2.014293 1.498654 0.008241 0.840636 -0.022641 0.541064
1403638567.127830 7.278609 1.875821 1.411751 0.009978 0.828043 -0.020130 0.560215
1403638567.227829 7.174045 1.738400 1.319747 0.011597 0.816717 -0.018516 0.576625
1403638567.327830 7.070791 1.606006 1.222123 0.014766 0.811068 -0.017273 0.584511
1403638567.427830 6.966451 1.476964 1.124158 0.017020 0.810591 -0.017556 0.585102
1403638567.527829 6.861220 1.350868 1.031122 0.018656 0.813127 -0.018681 0.581487
1403638567.627830 6.754897 1.228570 0.947145 0.020744 0.816982 -0.019771 0.575951
1403638567.727829 6.652398 1.111968 0.873372 0.023348 0.820161 -0.020401 0.571291
1403638567.827830 6.554073 1.000097 0.808985 0.025268 0.824183 -0.020779 0.565378
1403638567.927830 6.463366 0.893566 0.752310 0.022922 0.825735 -0.023353 0.563108
1403638568.027829 6.377303 0.792686 0.702821 0.024131 0.826409 -0.023460 0.562064
1403638568.127830 6.296101 0.695860 0.663856 0.026890 0.825563 -0.021962 0.563241
1403638568.227829 6.219698 0.605416 0.633625 0.029003 0.824881 -0.020891 0.564176
1403638568.327830 6.147183 0.519146 0.607369 0.029801 0.825052 -0.020874 0.563884
1403638568.427830 6.075996 0.438394 0.575178 0.029960 0.826307 -0.021317 0.562018
1403638568.527829 6.011261 0.360120 0.541254 0.030624 0.827102 -0.020777 0.560832
1403638568.627830 5.948851 0.287246 0.500980 0.031266 0.828733 -0.020409 0.558398
1403638568.727829 5.891163 0.217729 0.462874 0.032832 0.830105 -0.018725 0.556325
1403638568.827830 5.837217 0.154511 0.431100 0.030797 0.830070 -0.019731 0.556459
1403638568.927830 5.788482 0.097209 0.405026 0.031847 0.830027 -0.019093 0.556486
1403638569.027829 5.743669 0.044412 0.389563 0.031809 0.829173 -0.019113 0.557759
1403638569.127830 5.704398 -0.003241 0.378701 0.033445 0.829280 -0.017934 0.557544
1403638569.227829 5.666815 -0.047512 0.375096 0.035358 0.830801 -0.016989 0.555185
1403638569.327830 5.635724 -0.084304 0.366302 0.036511 0.831513 -0.016803 0.554049
1403638569.427830 5.606815 -0.119501 0.354723 0.037384 0.830546 -0.016231 0.555457
1403638569.527829 5.586015 -0.146488 0.336096 0.037448 0.829330 -0.015946 0.557275
1403638569.627830 5.569665 -0.168140 0.318601 0.036990 0.827941 -0.016560 0.559349
1403638569.727829 5.558014 -0.183988 0.308222 0.037784 0.827046 -0.016231 0.560628
1403638569.827830 5.549491 -0.192481 0.304926 0.037758 0.826423 -0.015787 0.561561
1403638569.927830 5.545130 -0.196343 0.306804 0.038845 0.824612 -0.015122 0.564161
1403638570.027829 5.544487 -0.194157 0.309634 0.036654 0.823450 -0.016346 0.565967
1403638570.127830 5.546064 -0.186873 0.307890 0.033119 0.823625 -0.018674 0.565858
1403638570.227829 5.548983 -0.176782 0.299982 0.027028 0.823209 -0.022031 0.566667
1403638570.327830 5.553754 -0.164815 0.286468 0.018212 0.822967 -0.028354 0.567088
1403638570.427830 5.560144 -0.152309 0.268669 0.014545 0.822724 -0.038498 0.566950
1403638570.527829 5.568838 -0.143336 0.243993 0.008275 0.821650 -0.060432 0.566719
1403638570.627830 5.572352 -0.140771 0.214473 0.004162 0.818127 -0.089579 0.568002
1403638570.727829 5.577784 -0.147802 0.181723 0.009642 0.810383 -0.117134 0.573991
1403638570.827830 5.578298 -0.164315 0.147473 0.019073 0.798040 -0.144217 0.584782
1403638570.927830 5.572438 -0.191178 0.110323 0.033186 0.788353 -0.167070 0.591173
1403638571.027829 5.559586 -0.229646 0.069335 0.048301 0.781710 -0.188197 0.592604
1403638571.127830 5.538550 -0.277866 0.025230 0.068470 0.782925 -0.204132 0.583669
1403638571.227829 5.509035 -0.333909 -0.012161 0.089913 0.785392 -0.212779 0.574283
1403638571.327830 5.473839 -0.395648 -0.039530 0.108160 0.785857 -0.217518 0.568696
1403638571.427830 5.432236 -0.459955 -0.056498 0.115980 0.783726 -0.223523 0.567767
1403638571.527829 5.384972 -0.527668 -0.066028 0.121901 0.780668 -0.226843 0.569421
1403638571.627830 5.332705 -0.597973 -0.077054 0.128488 0.779361 -0.233703 0.566983
1403638571.727829 5.277414 -0.671369 -0.093114 0.135419 0.779314 -0.245325 0.560488
1403638571.827830 5.218712 -0.747695 -0.114032 0.143625 0.777934 -0.260627 0.553412
1403638571.927830 5.157739 -0.827470 -0.135738 0.150931 0.773153 -0.279890 0.548740
1403638572.027829 5.094213 -0.911531 -0.150719 0.159754 0.766704 -0.299384 0.544989
1403638572.127830 5.027540 -0.999642 -0.157313 0.170723 0.759361 -0.317379 0.541751
1403638572.227829 4.956333 -1.090414 -0.155755 0.187317 0.753841 -0.332200 0.535050
1403638572.327830 4.883828 -1.183837 -0.152996 0.200625 0.749577 -0.350020 0.524757
1403638572.427830 4.811268 -1.281525 -0.154122 0.214244 0.744797 -0.366742 0.514662
1403638572.527829 4.739152 -1.382243 -0.157232 0.226880 0.741338 -0.377320 0.506530
1403638572.627830 4.668921 -1.486638 -0.160796 0.235379 0.738116 -0.383883 0.502409
1403638572.727829 4.600469 -1.594810 -0.159825 0.242461 0.737804 -0.386436 0.497519
1403638572.827830 4.535360 -1.706749 -0.150193 0.248235 0.739938 -0.385560 0.492153
1403638572.927830 4.474862 -1.822139 -0.133310 0.249581 0.741823 -0.384966 0.489089
1403638573.027829 4.418438 -1.940613 -0.116643 0.249929 0.744287 -0.383798 0.486078
1403638573.127830 4.366963 -2.061500 -0.105933 0.248653 0.746496 -0.382201 0.484601
1403638573.227829 4.319599 -2.184696 -0.099623 0.247099 0.747416 -0.380441 0.485362
1403638573.327830 4.278270 -2.310410 -0.092883 0.245607 0.748463 -0.378380 0.486116
1403638573.427830 4.238821 -2.440138 -0.086257 0.246571 0.749527 -0.378735 0.483706
1403638573.527829 4.208737 -2.571633 -0.071556 0.249588 0.749341 -0.378807 0.482390
1403638573.627830 4.180152 -2.706232 -0.049328 0.250840 0.748965 -0.379212 0.482006
1403638573.727829 4.157628 -2.841173 -0.021498 0.255209 0.748301 -0.381134 0.479220
1403638573.827830 4.142079 -2.978867 0.009169 0.266071 0.741184 -0.385254 0.481074
1403638573.927830 4.132079 -3.117237 0.035435 0.280277 0.728726 -0.394029 0.484916
1403638574.027829 4.126372 -3.252840 0.055303 0.288065 0.710500 -0.412369 0.492098
1403638574.127830 4.121429 -3.384640 0.069516 0.293769 0.689035 -0.435441 0.499321
1403638574.227829 4.114462 -3.512762 0.078776 0.301122 0.667992 -0.459231 0.502215
1403638574.327830 4.103818 -3.636245 0.083483 0.311972 0.652376 -0.480619 0.496068
1403638574.427830 4.085737 -3.758611 0.085040 0.325898 0.640599 -0.499049 0.484121
1403638574.527829 4.063702 -3.877955 0.085120 0.337670 0.629430 -0.516171 0.472614
1403638574.627830 4.038381 -3.994134 0.091296 0.348430 0.619898 -0.526838 0.465581
1403638574.727829 4.010157 -4.109864 0.104441 0.360706 0.616980 -0.531014 0.455249
1403638574.827830 3.980969 -4.221583 0.123631 0.367385 0.619096 -0.533812 0.443614
1403638574.927830 3.950758 -4.331686 0.141103 0.366078 0.621376 -0.538466 0.435813
1403638575.027829 3.919794 -4.440167 0.152473 0.362119 0.622249 -0.542142 0.433311
1403638575.127830 3.888500 -4.546255 0.157289 0.354745 0.619753 -0.546813 0.437102
1403638575.227829 3.854461 -4.654104 0.158892 0.350331 0.617678 -0.548602 0.441337
1403638575.327830 3.817373 -4.764096 0.154382 0.346682 0.618356 -0.549063 0.442694
1403638575.427830 3.777638 -4.874937 0.146548 0.343221 0.623508 -0.548672 0.438630
1403638575.527829 3.734401 -4.990660 0.136068 0.341718 0.628278 -0.546452 0.435758
1403638575.627830 3.688429 -5.112276 0.130466 0.343834 0.635072 -0.541876 0.429921
1403638575.727829 3.642291 -5.238455 0.130843 0.346229 0.641314 -0.537290 0.424453
1403638575.827830 3.597243 -5.367445 0.139922 0.346981 0.647216 -0.534682 0.418127
1403638575.927830 3.556808 -5.497136 0.161101 0.346064 0.649066 -0.533558 0.417455
1403638576.027829 3.520629 -5.630297 0.191638 0.346258 0.649452 -0.532295 0.418305
1403638576.127830 3.486253 -5.768310 0.228499 0.347031 0.649201 -0.531589 0.418951
1403638576.227829 3.454685 -5.914546 0.266354 0.349416 0.648335 -0.529910 0.420435
1403638576.327830 3.426665 -6.065827 0.297870 0.354155 0.649397 -0.526761 0.418785
1403638576.427830 3.402651 -6.221554 0.322767 0.357507 0.651515 -0.524656 0.415275
1403638576.527829 3.384933 -6.378517 0.342314 0.362935 0.655276 -0.520975 0.409240
1403638576.627830 3.374625 -6.538188 0.356795 0.366563 0.658045 -0.518668 0.404466
1403638576.727829 3.373876 -6.699789 0.366615 0.369828 0.657319 -0.516228 0.405793
1403638576.827830 3.381167 -6.863672 0.371926 0.374713 0.653242 -0.512814 0.412174
1403638576.927830 3.395228 -7.027037 0.372108 0.374825 0.647620 -0.513072 0.420536
1403638577.027829 3.415650 -7.187718 0.369034 0.370760 0.642864 -0.516071 0.427708
1403638577.127830 3.439903 -7.346417 0.370673 0.367541 0.639179 -0.518738 0.432753
1403638577.227829 3.467274 -7.502928 0.379540 0.365294 0.637564 -0.520542 0.434866
1403638577.327830 3.497536 -7.659384 0.395956 0.369169 0.639941 -0.517699 0.431482
1403638577.427830 3.530707 -7.813421 0.420147 0.375309 0.644583 -0.512754 0.425135
1403638577.527829 3.569397 -7.964822 0.446028 0.375731 0.645212 -0.512191 0.424485
1403638577.627830 3.613075 -8.113283 0.466409 0.372937 0.644335 -0.514121 0.425945
1403638577.727829 3.660851 -8.258974 0.479877 0.370599 0.644121 -0.515573 0.426555
1403638577.827830 3.712578 -8.403554 0.485963 0.368254 0.643841 -0.516759 0.427572
1403638577.927830 3.767935 -8.549811 0.487704 0.368152 0.644103 -0.516010 0.428170
1403638578.027829 3.826498 -8.692021 0.490807 0.369066 0.644312 -0.514564 0.428808
1403638578.127830 3.890100 -8.836602 0.502421 0.366473 0.642840 -0.515332 0.432304
1403638578.227829 3.955882 -8.977106 0.518350 0.358470 0.637740 -0.520425 0.440391
1403638578.327830 4.022225 -9.117667 0.537710 0.352485 0.634346 -0.524415 0.445363
1403638578.427830 4.086546 -9.255586 0.553041 0.352388 0.633707 -0.524887 0.445794
1403638578.527829 4.148672 -9.393140 0.561618 0.352437 0.633138 -0.525429 0.445924
1403638578.627830 4.209545 -9.533577 0.566954 0.353571 0.632296 -0.525307 0.446364
1403638578.727829 4.266778 -9.665034 0.568417 0.357559 0.633804 -0.522946 0.443814
1403638578.827830 4.324654 -9.800325 0.566267 0.362788 0.637480 -0.519304 0.438551
1403638578.927830 4.380886 -9.927247 0.561155 0.366972 0.638676 -0.516443 0.436706
1403638579.027829 4.441785 -10.058560 0.560415 0.368783 0.639788 -0.514347 0.436024
1403638579.127830 4.501292 -10.176715 0.567327 0.369204 0.640031 -0.513298 0.436547
1403638579.227829 4.567812 -10.305363 0.583454 0.369005 0.639990 -0.513042 0.437077
1403638579.327830 4.632584 -10.417431 0.602525 0.365901 0.638368 -0.514671 0.440132
1403638579.427830 4.703715 -10.541209 0.622149 0.358292 0.633783 -0.519958 0.446755
1403638579.527829 4.769599 -10.646912 0.635599 0.353446 0.630544 -0.522251 0.452486
1403638579.627830 4.834793 -10.752004 0.644583 0.355437 0.628135 -0.514157 0.463415
1403638579.727829 4.898677 -10.857409 0.647239 0.356648 0.633835 -0.497991 0.472292
1403638579.827830 4.960493 -10.957156 0.643789 0.350113 0.649164 -0.477918 0.477075
1403638579.927830 5.021850 -11.052870 0.633948 0.335645 0.669935 -0.454762 0.481374
1403638580.027829 5.083872 -11.144483 0.621186 0.319238 0.687435 -0.424902 0.494953
1403638580.127830 5.145355 -11.225670 0.607080 0.302431 0.700401 -0.388439 0.516806
1403638580.227829 5.204790 -11.297563 0.587764 0.278930 0.716159 -0.351697 0.534438
1403638580.327830 5.261318 -11.361976 0.562828 0.249960 0.733627 -0.320113 0.544829
1403638580.427830 5.313008 -11.420832 0.531901 0.219761 0.747310 -0.299625 0.550870
1403638580.527829 5.360540 -11.478177 0.498052 0.198564 0.755886 -0.285294 0.554812
1403638580.627830 5.404390 -11.535023 0.463252 0.182433 0.764136 -0.271566 0.555937
1403638580.727829 5.444234 -11.589669 0.431771 0.168802 0.775027 -0.255887 0.552595
1403638580.827830 5.481709 -11.645123 0.410146 0.161718 0.783113 -0.243048 0.549099
1403638580.927830 5.516406 -11.697853 0.397772 0.157689 0.787362 -0.234970 0.547708
1403638581.027829 5.550349 -11.748184 0.396045 0.153473 0.788514 -0.233072 0.548060
1403638581.127830 5.582337 -11.796746 0.402160 0.154516 0.788970 -0.231258 0.547879
1403638581.227829 5.614661 -11.840072 0.417924 0.157412 0.789081 -0.230901 0.547044
1403638581.327830 5.642600 -11.883582 0.429115 0.161257 0.788697 -0.231484 0.546231
1403638581.427830 5.668780 -11.915676 0.449895 0.164868 0.786786 -0.232706 0.547389
1403638581.527829 5.695617 -11.952653 0.467666 0.167425 0.785507 -0.234973 0.547482
1403638581.627830 5.720038 -11.974425 0.501079 0.171659 0.783044 -0.236314 0.549118
1403638581.727829 5.748479 -12.006729 0.518884 0.176234 0.778402 -0.236123 0.554326
1403638581.827830 5.770378 -12.018815 0.542713 0.178234 0.776635 -0.237718 0.555482
1403638581.927830 5.799565 -12.038524 0.556207 0.181648 0.769886 -0.237415 0.563838
1403638582.027829 5.827272 -12.063367 0.558986 0.183845 0.766437 -0.236612 0.568146
1403638582.127830 5.857661 -12.086435 0.568239 0.181818 0.772797 -0.239054 0.559088
1403638582.227829 5.881259 -12.102282 0.585414 0.178938 0.778853 -0.241437 0.550525
1403638582.327830 5.906393 -12.118279 0.613987 0.181027 0.777376 -0.239636 0.552711
1403638582.427830 5.938031 -12.137749 0.652025 0.182622 0.774933 -0.238168 0.556241
1403638582.527829 5.960889 -12.142125 0.700895 0.183699 0.773800 -0.237177 0.557884
1403638582.627830 5.987215 -12.150477 0.755759 0.184234 0.773678 -0.236635 0.558108
1403638582.727829 6.009194 -12.146712 0.823670 0.183421 0.776240 -0.237605 0.554394
1403638582.827830 6.034573 -12.147887 0.890996 0.182811 0.777589 -0.238506 0.552314
1403638582.927830 6.053391 -12.135738 0.961460 0.182548 0.778835 -0.239667 0.550137
1403638583.027829 6.072749 -12.122503 1.022649 0.181627 0.781549 -0.241277 0.545874
1403638583.127830 6.092544 -12.107257 1.075930 0.181098 0.783594 -0.242450 0.542588
1403638583.227829 6.114347 -12.090859 1.122378 0.180167 0.784608 -0.243905 0.540778
1403638583.327830 6.136533 -12.073925 1.152879 0.180577 0.784467 -0.243657 0.540957
1403638583.427830 6.159468 -12.052714 1.190043 0.180264 0.784784 -0.243898 0.540493
1403638583.527829 6.185271 -12.031527 1.228722 0.179953 0.785359 -0.243965 0.539732
1403638583.627830 6.213277 -12.007662 1.276290 0.180777 0.785257 -0.243398 0.539860
1403638583.727829 6.242049 -11.979305 1.328129 0.182062 0.785142 -0.242637 0.539938
1403638583.827830 6.279948 -11.952406 1.356061 0.182699 0.784970 -0.242057 0.540232
1403638583.927830 6.314231 -11.923749 1.398041 0.182438 0.784157 -0.242054 0.541501
1403638584.027829 6.346573 -11.891544 1.430755 0.183510 0.783469 -0.241255 0.542491
1403638584.127830 6.387605 -11.857400 1.442659 0.187982 0.776541 -0.237885 0.552320
1403638584.227829 6.424037 -11.822329 1.470260 0.192299 0.766900 -0.234119 0.565751
1403638584.327830 6.452512 -11.777181 1.465345 0.193736 0.761031 -0.232702 0.573715
1403638584.427830 6.469359 -11.720408 1.451399 0.193571 0.760063 -0.232542 0.575116
1403638584.527829 6.478691 -11.658146 1.433781 0.192935 0.759577 -0.232708 0.575904
1403638584.627830 6.492442 -11.595057 1.439155 0.192582 0.760791 -0.232506 0.574499
1403638584.727829 6.502468 -11.525326 1.453309 0.190395 0.764453 -0.233671 0.569877
1403638584.827830 6.494204 -11.447527 1.440958 0.185681 0.772511 -0.236765 0.559189
1403638584.927830 6.500530 -11.368093 1.465861 0.180564 0.778570 -0.240935 0.550615
1403638585.027829 6.486983 -11.285375 1.452404 0.178750 0.781266 -0.242152 0.546840
1403638585.127830 6.476063 -11.208319 1.439657 0.177318 0.781456 -0.243220 0.546560
1403638585.227829 6.475169 -11.129117 1.439975 0.177218 0.780353 -0.243395 0.548089
1403638585.327830 6.471666 -11.052668 1.432848 0.178257 0.777998 -0.242292 0.551578
1403638585.427830 6.472797 -10.972291 1.425577 0.178009 0.777443 -0.242092 0.552528
1403638585.527829 6.468397 -10.894956 1.416498 0.178112 0.778417 -0.241897 0.551206
1403638585.627830 6.473062 -10.813393 1.420010 0.177270 0.780487 -0.242042 0.548480
1403638585.727829 6.462428 -10.735631 1.427181 0.175647 0.784438 -0.242668 0.543064
1403638585.827830 6.470115 -10.653708 1.446941 0.172832 0.789135 -0.244826 0.536149
1403638585.927830 6.467716 -10.576352 1.473763 0.169550 0.791443 -0.247315 0.532641
1403638586.027829 6.471575 -10.497879 1.509012 0.169691 0.788657 -0.247686 0.536542
1403638586.127830 6.488294 -10.421741 1.539127 0.172102 0.784924 -0.247437 0.541341
1403638586.227829 6.493052 -10.341911 1.563667 0.173939 0.782478 -0.246388 0.544764
1403638586.327830 6.509242 -10.266792 1.581436 0.177350 0.779287 -0.244616 0.549018
1403638586.427830 6.510049 -10.184412 1.596441 0.185085 0.776566 -0.239695 0.552481
1403638586.527829 6.524241 -10.106542 1.604887 0.191764 0.775558 -0.235559 0.553397
1403638586.627830 6.523738 -10.018731 1.605736 0.189177 0.776011 -0.237355 0.552885
1403638586.727829 6.535732 -9.935810 1.601337 0.185686 0.776007 -0.239938 0.552959
1403638586.827830 6.546702 -9.850097 1.590993 0.182603 0.775175 -0.241921 0.554287
1403638586.927830 6.547853 -9.760046 1.574665 0.182502 0.774506 -0.241413 0.555475
1403638587.027829 6.556252 -9.673889 1.553369 0.181664 0.774349 -0.241693 0.555847
1403638587.127830 6.556518 -9.581649 1.534247 0.180847 0.774482 -0.242251 0.555685
1403638587.227829 6.560922 -9.490391 1.523269 0.180576 0.776757 -0.241711 0.552826
1403638587.327830 6.560442 -9.397906 1.521121 0.180159 0.778308 -0.242230 0.550548
1403638587.427830 6.564050 -9.303249 1.522603 0.178720 0.778932 -0.243196 0.549709
1403638587.527829 6.563941 -9.205848 1.524214 0.177433 0.778637 -0.244218 0.550090
1403638587.627830 6.568073 -9.110418 1.520935 0.176472 0.778584 -0.245474 0.549915
1403638587.727829 6.569371 -9.013164 1.511279 0.176771 0.778406 -0.245448 0.550083
1403638587.827830 6.573799 -8.918570 1.498021 0.176059 0.777936 -0.246662 0.550433
1403638587.927830 6.578118 -8.826422 1.477879 0.175710 0.777568 -0.247135 0.550852
1403638588.027829 6.580267 -8.732030 1.456182 0.175557 0.776896 -0.247187 0.551825
1403638588.127830 6.583557 -8.643888 1.429396 0.178781 0.777261 -0.244912 0.551290
1403638588.227829 6.584131 -8.551697 1.402094 0.185113 0.778175 -0.240261 0.549957
1403638588.327830 6.587269 -8.461717 1.376425 0.185769 0.778822 -0.239329 0.549225
1403638588.427830 6.588982 -8.359841 1.362504 0.185647 0.778680 -0.239247 0.549502
1403638588.527829 6.592897 -8.262302 1.353757 0.183437 0.778430 -0.240686 0.549971
1403638588.627830 6.595648 -8.158683 1.354376 0.181182 0.777771 -0.241901 0.551116
1403638588.727829 6.596547 -8.056786 1.360764 0.178474 0.776087 -0.243851 0.553509
1403638588.827830 6.596472 -7.951136 1.370047 0.177690 0.775436 -0.244625 0.554332
1403638588.927830 6.600206 -7.851339 1.372361 0.176386 0.775244 -0.246127 0.554352
1403638589.027829 6.597052 -7.744585 1.367437 0.176310 0.775199 -0.246847 0.554118
1403638589.127830 6.598630 -7.644770 1.356600 0.177766 0.775425 -0.246402 0.553535
1403638589.227829 6.597418 -7.537976 1.340248 0.177955 0.775085 -0.246391 0.553955
1403638589.327830 6.602099 -7.437648 1.321044 0.178169 0.774477 -0.246532 0.554675
1403638589.427830 6.597528 -7.329676 1.303534 0.177583 0.774523 -0.246788 0.554683
1403638589.527829 6.595479 -7.227920 1.293024 0.177345 0.774928 -0.246800 0.554188
1403638589.627830 6.587899 -7.118781 1.288558 0.177777 0.774735 -0.246587 0.554415
1403638589.727829 6.584041 -7.019078 1.297024 0.177042 0.776540 -0.247354 0.551777
1403638589.827830 6.574766 -6.914609 1.305012 0.176655 0.777363 -0.248301 0.550315
1403638589.927830 6.569333 -6.818235 1.313171 0.177783 0.777907 -0.248279 0.549191
1403638590.027829 6.559952 -6.712203 1.310280 0.176849 0.777444 -0.249733 0.549489
1403638590.127830 6.550566 -6.616690 1.307387 0.177396 0.776949 -0.249931 0.549923
1403638590.227829 6.540226 -6.511237 1.295510 0.177832 0.776077 -0.250237 0.550873
1403638590.327830 6.530698 -6.419396 1.283654 0.177701 0.775818 -0.250376 0.551218
1403638590.427830 6.519310 -6.316063 1.264492 0.178121 0.776823 -0.250641 0.549543
1403638590.527829 6.505195 -6.222657 1.246993 0.176840 0.776896 -0.251413 0.549501
1403638590.627830 6.492108 -6.122781 1.232158 0.175933 0.778935 -0.251893 0.546680
1403638590.727829 6.477735 -6.033093 1.228398 0.173596 0.779977 -0.253264 0.545305
1403638590.827830 6.466573 -5.935974 1.230648 0.173751 0.781024 -0.253033 0.543863
1403638590.927830 6.455391 -5.846681 1.240516 0.172750 0.781573 -0.253719 0.543072
1403638591.027829 6.444313 -5.750564 1.255434 0.171616 0.782312 -0.254942 0.541794
1403638591.127830 6.432722 -5.658214 1.270066 0.170901 0.784945 -0.255723 0.537828
1403638591.227829 6.424369 -5.566731 1.277116 0.169269 0.789883 -0.257452 0.530238
1403638591.327830 6.417198 -5.477049 1.276730 0.165865 0.795511 -0.260132 0.521519
1403638591.427830 6.416621 -5.394139 1.272441 0.163373 0.798679 -0.262372 0.516315
1403638591.527829 6.421321 -5.318020 1.262867 0.160426 0.801218 -0.264761 0.512069
1403638591.627830 6.433151 -5.252970 1.248392 0.158331 0.803269 -0.266254 0.508722
1403638591.727829 6.453313 -5.203146 1.232659 0.158056 0.802174 -0.266933 0.510179
1403638591.827830 6.479577 -5.161038 1.216891 0.159436 0.799794 -0.265704 0.514111
1403638591.927830 6.510657 -5.133430 1.206218 0.160526 0.797199 -0.264238 0.518539
1403638592.027829 6.548183 -5.107278 1.204194 0.161012 0.794569 -0.263600 0.522734
1403638592.127830 6.589283 -5.094909 1.210378 0.160900 0.793072 -0.262107 0.525783
1403638592.227829 6.635057 -5.076507 1.226899 0.156949 0.788418 -0.258711 0.535568
1403638592.327830 6.682583 -5.065798 1.253910 0.149929 0.783718 -0.251915 0.547583
1403638592.427830 6.730610 -5.056324 1.288267 0.138914 0.783346 -0.240187 0.556221
1403638592.527829 6.774744 -5.050087 1.329516 0.128431 0.788630 -0.225641 0.557364
1403638592.627830 6.814886 -5.046677 1.376598 0.121652 0.796085 -0.212500 0.553437
1403638592.727829 6.854353 -5.047641 1.426487 0.115923 0.803341 -0.203078 0.547690
1403638592.827830 6.893934 -5.052435 1.471821 0.110693 0.809726 -0.197599 0.541336
1403638592.927830 6.934497 -5.060096 1.512050 0.108794 0.813238 -0.193262 0.538012
1403638593.027829 6.977710 -5.071898 1.547206 0.107807 0.814663 -0.190669 0.536980
1403638593.127830 7.025653 -5.088465 1.577977 0.107386 0.814726 -0.189600 0.537347
1403638593.227829 7.078073 -5.109413 1.614255 0.110383 0.811308 -0.187617 0.542581
1403638593.327830 7.132639 -5.132139 1.658843 0.118575 0.808683 -0.182872 0.546379
1403638593.427830 7.187474 -5.155959 1.705560 0.128749 0.804071 -0.177296 0.552684
1403638593.527829 7.242787 -5.178427 1.746085 0.134124 0.800323 -0.175385 0.557435
1403638593.627830 7.299028 -5.197662 1.779683 0.137222 0.798365 -0.175162 0.559555
1403638593.727829 7.355219 -5.212981 1.807478 0.139155 0.796432 -0.174861 0.561922
1403638593.827830 7.412781 -5.225320 1.830032 0.138178 0.790111 -0.175844 0.570711
1403638593.927830 7.465756 -5.231663 1.858893 0.132564 0.780884 -0.173609 0.585240
1403638594.027829 7.512845 -5.233947 1.889502 0.124696 0.783327 -0.170815 0.584527
1403638594.127830 7.553438 -5.233599 1.925401 0.119142 0.789279 -0.167869 0.578502
1403638594.227829 7.589513 -5.231962 1.962836 0.118969 0.794126 -0.162889 0.573305
1403638594.327830 7.623011 -5.228246 1.994318 0.119267 0.794390 -0.158626 0.574072
1403638594.427830 7.652421 -5.221892 2.031197 0.123685 0.792994 -0.152271 0.576781
1403638594.527829 7.678327 -5.210117 2.067231 0.122249 0.792675 -0.151072 0.577840
1403638594.627830 7.697995 -5.194685 2.115357 0.116470 0.793195 -0.153529 0.577672
1403638594.727829 7.715551 -5.176944 2.159389 0.112738 0.793716 -0.156506 0.576898
1403638594.827830 7.726746 -5.157976 2.202117 0.111223 0.794027 -0.158224 0.576294
1403638594.927830 7.738156 -5.137469 2.233689 0.111150 0.794867 -0.159268 0.574861
1403638595.027829 7.748211 -5.116202 2.259603 0.110487 0.796390 -0.160920 0.572416
1403638595.127830 7.749980 -5.091952 2.283724 0.110385 0.797272 -0.162085 0.570877
1403638595.227829 7.756852 -5.070258 2.296307 0.111217 0.797737 -0.162453 0.569960
1403638595.327830 7.762630 -5.047592 2.304623 0.111679 0.797827 -0.162717 0.569669
1403638595.427830 7.766032 -5.024536 2.307597 0.111347 0.797659 -0.163588 0.569720
1403638595.527829 7.767744 -5.001321 2.305992 0.111395 0.798243 -0.163609 0.568886
1403638595.627830 7.768403 -4.977662 2.305425 0.112005 0.798857 -0.162921 0.568102
1403638595.727829 7.760712 -4.950197 2.317650 0.116232 0.799336 -0.159940 0.567425
1403638595.827830 7.757738 -4.925225 2.323401 0.119019 0.800153 -0.158369 0.566135
1403638595.927830 7.755239 -4.898148 2.321610 0.120283 0.799897 -0.157827 0.566381
1403638596.027829 7.752283 -4.869744 2.306402 0.124308 0.799666 -0.155177 0.566570
1403638596.127830 7.748731 -4.837597 2.284917 0.134593 0.800789 -0.148330 0.564464
1403638596.227829 7.744700 -4.798910 2.267170 0.146474 0.802765 -0.139685 0.560894
1403638596.327830 7.740071 -4.750954 2.260889 0.157377 0.803875 -0.131540 0.558314
1403638596.427830 7.740540 -4.695186 2.259491 0.164074 0.803803 -0.126005 0.557767
1403638596.527829 7.741629 -4.626830 2.270798 0.170640 0.803590 -0.120385 0.557344
1403638596.627830 7.750260 -4.546085 2.286592 0.177866 0.804064 -0.114571 0.555624
1403638596.727829 7.762251 -4.449095 2.310019 0.184125 0.804664 -0.109677 0.553702
1403638596.827830 7.779133 -4.337082 2.344702 0.188192 0.804309 -0.106256 0.553516
1403638596.927830 7.801404 -4.206844 2.380164 0.190526 0.803291 -0.104313 0.554565
1403638597.027829 7.826484 -4.062748 2.416884 0.192183 0.802284 -0.104340 0.555445
1403638597.127830 7.857298 -3.903282 2.447420 0.194856 0.800695 -0.103374 0.556986
1403638597.227829 7.891563 -3.727475 2.471336 0.195297 0.798563 -0.104686 0.559641
1403638597.327830 7.928820 -3.536103 2.487356 0.191632 0.796497 -0.108388 0.563136
1403638597.427830 7.969074 -3.330204 2.497629 0.185495 0.794454 -0.114119 0.566932
1403638597.527829 8.010067 -3.110137 2.505850 0.173524 0.790015 -0.123164 0.574975
1403638597.627830 8.048217 -2.880070 2.508451 0.164305 0.786670 -0.130553 0.580612
1403638597.727829 8.082774 -2.642479 2.506674 0.163882 0.785860 -0.131178 0.581686
1403638597.827830 8.114779 -2.397833 2.500060 0.169069 0.788466 -0.121399 0.578791
1403638597.927830 8.143812 -2.144167 2.488173 0.173122 0.791124 -0.110048 0.576230
1403638598.027829 8.172110 -1.880121 2.476581 0.170800 0.792101 -0.103526 0.576789
1403638598.127830 8.200660 -1.603650 2.472171 0.155295 0.792611 -0.107483 0.579741
1403638598.227829 8.225102 -1.318027 2.473276 0.134462 0.793613 -0.117138 0.581702
1403638598.327830 8.247493 -1.029188 2.476112 0.120060 0.796149 -0.124475 0.579860
1403638598.427830 8.269824 -0.741366 2.473605 0.112923 0.798163 -0.128032 0.577748
1403638598.527829 8.290801 -0.454926 2.465353 0.109076 0.799830 -0.127887 0.576211
1403638598.627830 8.309159 -0.170960 2.448260 0.104309 0.803077 -0.122833 0.573671
1403638598.727829 8.327285 0.110167 2.429637 0.098132 0.804925 -0.112528 0.574285
1403638598.827830 8.343650 0.389032 2.415079 0.089227 0.806091 -0.099804 0.576451
1403638598.927830 8.357384 0.664476 2.405347 0.079886 0.808633 -0.084215 0.576749
1403638599.027829 8.369148 0.937363 2.398788 0.067191 0.810457 -0.068506 0.577885
1403638599.127830 8.380562 1.208256 2.399425 0.056300 0.811674 -0.050283 0.579212
1403638599.227829 8.387830 1.477447 2.404074 0.044768 0.813234 -0.031733 0.579344
1403638599.327830 8.392441 1.745433 2.415274 0.031559 0.815279 -0.013643 0.578047
1403638599.427830 8.394397 2.011146 2.433350 0.022226 0.818146 0.002807 0.574574
1403638599.527829 8.395030 2.275923 2.453555 0.015274 0.820325 0.013944 0.571523
1403638599.627830 8.394778 2.540310 2.467560 0.009400 0.821980 0.019263 0.569113
1403638599.727829 8.393072 2.802831 2.472238 0.007229 0.823168 0.022482 0.567307
1403638599.827830 8.394659 3.064411 2.468912 0.006183 0.823803 0.021629 0.566430
1403638599.927830 8.398502 3.323547 2.461188 0.003409 0.825031 0.017841 0.564795
1403638600.027829 8.406209 3.581079 2.448440 -0.001537 0.824418 0.011261 0.565868
1403638600.127830 8.417974 3.834368 2.432700 -0.009780 0.826508 0.001784 0.562838
1403638600.227829 8.432253 4.080026 2.413600 -0.021696 0.829303 -0.009888 0.558291
1403638600.327830 8.448858 4.316946 2.390244 -0.030541 0.830994 -0.019489 0.555100
1403638600.427830 8.469136 4.542353 2.369598 -0.038403 0.832212 -0.027830 0.552425
1403638600.527829 8.494588 4.752471 2.358481 -0.039631 0.832928 -0.030652 0.551109
1403638600.627830 8.525177 4.948633 2.356640 -0.039222 0.834259 -0.032017 0.549043
1403638600.727829 8.559350 5.131275 2.361444 -0.039758 0.836405 -0.033231 0.545656
1403638600.827830 8.599777 5.300708 2.371491 -0.036200 0.840350 -0.030132 0.539994
1403638600.927830 8.647194 5.455308 2.384545 -0.020601 0.843533 -0.017726 0.536390
1403638601.027829 8.702328 5.600101 2.393190 -0.007124 0.844408 -0.006579 0.535613
1403638601.127830 8.766648 5.739345 2.396612 -0.000514 0.843244 -0.000879 0.537530
1403638601.227829 8.838274 5.874833 2.395087 0.008210 0.840284 0.006413 0.542047
1403638601.327830 8.916648 6.010772 2.390973 0.014523 0.832911 0.012945 0.553065
1403638601.427830 8.998845 6.149649 2.387484 0.004069 0.828535 0.015433 0.559710
1403638601.527829 9.083095 6.290845 2.390871 -0.007675 0.824324 0.025007 0.565514
1403638601.627830 9.167045 6.431304 2.400799 -0.018798 0.820981 0.042004 0.569098
1403638601.727829 9.250763 6.571204 2.416718 -0.030963 0.818400 0.065064 0.570114
1403638601.827830 9.332119 6.710174 2.440734 -0.044546 0.814028 0.092799 0.571631
1403638601.927830 9.410108 6.850656 2.470465 -0.058723 0.809443 0.120450 0.571704
1403638602.027829 9.485398 6.992215 2.497467 -0.071800 0.807038 0.140637 0.568995
1403638602.127830 9.557855 7.134663 2.517570 -0.080049 0.803938 0.156012 0.568275
1403638602.227829 9.625503 7.279817 2.531668 -0.085612 0.797591 0.172793 0.571544
1403638602.327830 9.688106 7.428276 2.542510 -0.099007 0.788955 0.188890 0.576254
1403638602.427830 9.743966 7.580223 2.559237 -0.131151 0.773152 0.196592 0.588546
1403638602.527829 9.790468 7.729338 2.585719 -0.166780 0.749537 0.201763 0.608006
1403638602.627830 9.823471 7.867069 2.619291 -0.196035 0.732530 0.209801 0.617214
1403638602.727829 9.840415 7.987522 2.656479 -0.211157 0.726263 0.226683 0.613652
1403638602.827830 9.841111 8.090610 2.699543 -0.219378 0.722448 0.247885 0.607038
1403638602.927830 9.826372 8.177751 2.745830 -0.233484 0.720781 0.265978 0.596000
1403638603.027829 9.800962 8.251768 2.791547 -0.255320 0.719368 0.279590 0.582367
1403638603.127830 9.770030 8.314068 2.833399 -0.272146 0.711562 0.293558 0.577442
1403638603.227829 9.731329 8.359862 2.865337 -0.276631 0.710912 0.309494 0.567709
1403638603.327830 9.687465 8.394013 2.886095 -0.270446 0.722820 0.326203 0.545877
1403638603.427830 9.641103 8.419890 2.900001 -0.264632 0.733725 0.337329 0.527092
1403638603.527829 9.595571 8.442582 2.911026 -0.262599 0.737354 0.342528 0.519640
1403638603.627830 9.550330 8.462108 2.918824 -0.266885 0.731363 0.344700 0.524463
1403638603.727829 9.504215 8.476032 2.920415 -0.263874 0.723010 0.349562 0.534259
1403638603.827830 9.453288 8.484084 2.915018 -0.257548 0.715061 0.354866 0.544451
1403638603.927830 9.396740 8.488087 2.901591 -0.250639 0.707840 0.359327 0.554099
1403638604.027829 9.333707 8.488468 2.881241 -0.245247 0.702745 0.361911 0.561269
1403638604.127830 9.258599 8.488944 2.861449 -0.241497 0.699757 0.363424 0.565634
1403638604.227829 9.176231 8.483839 2.848289 -0.244700 0.701124 0.361969 0.563494
1403638604.327830 9.080067 8.475498 2.843556 -0.251428 0.707627 0.357993 0.554877
1403638604.427830 8.977539 8.461912 2.843853 -0.253715 0.715763 0.356737 0.544105
1403638604.527829 8.869646 8.443217 2.852584 -0.250891 0.723010 0.358834 0.534367
1403638604.627830 8.759358 8.423200 2.860420 -0.249964 0.726116 0.359708 0.529984
1403638604.727829 8.648176 8.402857 2.862193 -0.254118 0.728752 0.357047 0.526177
1403638604.827830 8.536491 8.380051 2.860928 -0.257487 0.731043 0.354741 0.522910
1403638604.927830 8.426638 8.354779 2.861385 -0.256047 0.735127 0.355844 0.517110
1403638605.027829 8.318684 8.328764 2.866778 -0.253257 0.742287 0.357965 0.506687
1403638605.127830 8.211956 8.302430 2.880615 -0.250480 0.747647 0.359956 0.498714
1403638605.227829 8.110317 8.277819 2.900770 -0.247540 0.749432 0.362103 0.495941
1403638605.327830 8.013805 8.260095 2.918333 -0.242829 0.748366 0.365416 0.497448
1403638605.427830 7.921264 8.249116 2.932023 -0.236000 0.740716 0.370466 0.508329
1403638605.527829 7.827037 8.241063 2.938638 -0.229924 0.730467 0.374922 0.522481
1403638605.627830 7.731880 8.237258 2.939358 -0.223731 0.723011 0.379348 0.532255
1403638605.727829 7.632469 8.238402 2.938667 -0.220909 0.719722 0.381456 0.536368
1403638605.827830 7.528509 8.243895 2.947863 -0.219456 0.720272 0.382325 0.535607
1403638605.927830 7.416440 8.257573 2.961894 -0.216543 0.719722 0.383847 0.536443
1403638606.027829 7.299930 8.275902 2.982351 -0.212507 0.719022 0.385558 0.537766
1403638606.127830 7.174863 8.300913 2.993793 -0.209599 0.719107 0.386433 0.538167
1403638606.227829 7.043114 8.329722 3.002631 -0.206476 0.719286 0.387865 0.538104
1403638606.327830 6.904139 8.364770 2.999240 -0.207765 0.723203 0.385986 0.533690
1403638606.427830 6.757937 8.404595 2.992575 -0.214724 0.733472 0.380186 0.520933
1403638606.527829 6.609073 8.450208 2.977335 -0.223367 0.744010 0.373389 0.507086
1403638606.627830 6.460491 8.500753 2.957895 -0.228951 0.750023 0.372102 0.496575
1403638606.727829 6.317707 8.559290 2.933312 -0.233046 0.751418 0.378663 0.487519
1403638606.827830 6.179280 8.623932 2.905545 -0.239696 0.748835 0.389848 0.479386
1403638606.927830 6.046815 8.696298 2.880269 -0.249468 0.742779 0.404212 0.471867
1403638607.027829 5.922002 8.777146 2.861543 -0.262838 0.734526 0.419175 0.464413
1403638607.127830 5.804454 8.863150 2.852517 -0.279736 0.726928 0.428790 0.457671
1403638607.227829 5.694683 8.956145 2.849373 -0.294266 0.714226 0.435018 0.462654
1403638607.327830 5.591270 9.051844 2.841104 -0.307203 0.702412 0.437103 0.470302
1403638607.427830 5.492216 9.149104 2.823709 -0.316457 0.695829 0.437738 0.473353
1403638607.527829 5.398949 9.245031 2.797115 -0.320785 0.694911 0.438338 0.471228
1403638607.627830 5.310346 9.337952 2.765481 -0.321953 0.693663 0.439598 0.471096
1403638607.727829 5.226182 9.429215 2.731343 -0.321589 0.691295 0.439973 0.474464
1403638607.827830 5.146103 9.518414 2.693599 -0.320833 0.691939 0.439627 0.474357
1403638607.927830 5.070070 9.603569 2.653345 -0.323198 0.696168 0.436226 0.469681
1403638608.027829 4.998908 9.689038 2.607323 -0.325363 0.697910 0.432601 0.468954
1403638608.127830 4.933908 9.772585 2.557316 -0.323748 0.695318 0.431597 0.474809
1403638608.227829 4.872911 9.851054 2.503201 -0.320226 0.691330 0.432152 0.482456
1403638608.327830 4.814186 9.926727 2.444088 -0.320178 0.686377 0.430632 0.490845
1403638608.427830 4.755667 9.997679 2.381626 -0.320717 0.682819 0.429829 0.496132
1403638608.527829 4.698779 10.064225 2.312459 -0.319058 0.684703 0.430546 0.493977
1403638608.627830 4.640463 10.128289 2.241368 -0.321169 0.683950 0.428175 0.495711
1403638608.727829 4.584147 10.185082 2.175341 -0.325086 0.681168 0.425957 0.498889
1403638608.827830 4.527778 10.231959 2.112654 -0.323486 0.683857 0.427337 0.495055
1403638608.927830 4.471346 10.277271 2.056962 -0.321819 0.687787 0.428710 0.489478
1403638609.027829 4.416573 10.315398 2.007920 -0.322059 0.691481 0.428893 0.483925
1403638609.127830 4.364359 10.350142 1.966137 -0.320984 0.692973 0.429634 0.481843
1403638609.227829 4.314665 10.379410 1.928378 -0.327868 0.692969 0.424771 0.481526
1403638609.327830 4.267957 10.404242 1.887080 -0.331719 0.693376 0.421763 0.480946
1403638609.427830 4.225981 10.424661 1.837361 -0.328681 0.693293 0.423732 0.481419
1403638609.527829 4.185547 10.441326 1.781635 -0.324944 0.693367 0.425876 0.481958
1403638609.627830 4.148541 10.457889 1.718980 -0.322995 0.693383 0.426819 0.482411
1403638609.727829 4.114087 10.468697 1.653311 -0.319990 0.692207 0.429012 0.484153
1403638609.827830 4.080609 10.486238 1.589951 -0.320355 0.693262 0.428732 0.482648
1403638609.927830 4.051078 10.492631 1.537065 -0.320571 0.692854 0.428499 0.483297
1403638610.027829 4.027387 10.500425 1.491309 -0.322928 0.691691 0.426935 0.484776
1403638610.127830 4.003190 10.501178 1.453892 -0.326038 0.688839 0.424650 0.488745
1403638610.227829 3.981027 10.498105 1.415909 -0.327363 0.686069 0.423658 0.492602
1403638610.327830 3.959672 10.490392 1.371372 -0.328585 0.685181 0.422423 0.494083
1403638610.427830 3.941149 10.479961 1.320533 -0.329910 0.684833 0.421167 0.494754
1403638610.527829 3.920723 10.462344 1.265113 -0.329469 0.681885 0.421078 0.499176
1403638610.627830 3.900610 10.437885 1.207541 -0.334987 0.674722 0.417072 0.508512
1403638610.727829 3.878392 10.405134 1.150797 -0.335220 0.675420 0.417345 0.507206
1403638610.827830 3.854669 10.366830 1.098526 -0.332005 0.682749 0.420757 0.496578
1403638610.927830 3.834137 10.322649 1.056349 -0.330386 0.685705 0.423305 0.491393
1403638611.027829 3.814783 10.275624 1.014540 -0.333118 0.684700 0.421482 0.492515
1403638611.127830 3.794908 10.223218 0.967829 -0.335583 0.682055 0.420422 0.495409
1403638611.227829 3.777734 10.164097 0.920092 -0.335368 0.681504 0.421389 0.495491
1403638611.327830 3.761170 10.096809 0.876243 -0.332669 0.680839 0.423737 0.496223
1403638611.427830 3.743990 10.022825 0.837849 -0.321967 0.676208 0.430852 0.503435
1403638611.527829 3.721050 9.946517 0.801675 -0.311195 0.673346 0.437729 0.508090
1403638611.627830 3.693942 9.865805 0.773808 -0.305979 0.675234 0.440253 0.506571
1403638611.727829 3.663105 9.783500 0.749396 -0.307928 0.679394 0.438442 0.501371
1403638611.827830 3.629795 9.699799 0.721119 -0.314337 0.685233 0.433398 0.493776
1403638611.927830 3.597830 9.617858 0.689064 -0.318027 0.690027 0.429881 0.487774
1403638612.027829 3.566205 9.533874 0.656861 -0.319715 0.692718 0.428222 0.484303
1403638612.127830 3.536849 9.451264 0.627374 -0.321139 0.694605 0.426621 0.482067
1403638612.227829 3.509758 9.367622 0.608480 -0.320336 0.695142 0.426757 0.481706
1403638612.327830 3.486561 9.285335 0.594023 -0.319790 0.694788 0.427043 0.482327
1403638612.427830 3.466070 9.200863 0.582332 -0.319007 0.693750 0.426808 0.484542
1403638612.527829 3.446183 9.116041 0.564256 -0.316999 0.691736 0.426708 0.488808
1403638612.627830 3.427271 9.030764 0.540255 -0.312194 0.690064 0.428568 0.492621
1403638612.727829 3.402547 8.940323 0.505767 -0.307943 0.688282 0.429554 0.496913
1403638612.827830 3.380765 8.856148 0.471039 -0.306932 0.687362 0.427929 0.500202
1403638612.927830 3.351535 8.764980 0.435517 -0.307892 0.686928 0.425395 0.502367
1403638613.027829 3.324130 8.680287 0.409941 -0.307727 0.689421 0.424395 0.499892
1403638613.127830 3.293109 8.593198 0.392513 -0.307941 0.690939 0.423507 0.498415
1403638613.227829 3.258254 8.503084 0.377416 -0.307914 0.692680 0.423123 0.496337
1403638613.327830 3.226030 8.416354 0.374004 -0.306914 0.693265 0.423651 0.495688
1403638613.427830 3.189080 8.324319 0.371272 -0.306221 0.692550 0.424096 0.496735
1403638613.527829 3.153753 8.237469 0.365662 -0.307310 0.692464 0.420626 0.499127
1403638613.627830 3.117808 8.150520 0.354048 -0.309160 0.694066 0.414427 0.500943
1403638613.727829 3.078313 8.055407 0.334845 -0.313147 0.693048 0.407773 0.505316
1403638613.827830 3.040424 7.965550 0.308279 -0.312922 0.693574 0.400400 0.510602
1403638613.927830 3.000627 7.865707 0.275284 -0.307628 0.697747 0.391598 0.514942
1403638614.027829 2.962733 7.766312 0.238754 -0.297060 0.704890 0.380872 0.519444
1403638614.127830 2.923275 7.661540 0.198842 -0.284114 0.714388 0.367874 0.523066
1403638614.227829 2.881937 7.552347 0.162045 -0.270589 0.724366 0.354569 0.525696
1403638614.327830 2.837993 7.438895 0.129666 -0.260770 0.732271 0.343294 0.527188
1403638614.427830 2.792370 7.323922 0.104956 -0.255573 0.738088 0.333601 0.527843
1403638614.527829 2.746105 7.210255 0.089898 -0.252635 0.742563 0.325432 0.528081
1403638614.627830 2.699956 7.096585 0.082234 -0.249067 0.747098 0.315347 0.529496
1403638614.727829 2.657671 6.985041 0.086332 -0.246650 0.754664 0.301089 0.528196
1403638614.827830 2.619419 6.874181 0.101770 -0.241501 0.765397 0.284048 0.524558
1403638614.927830 2.586046 6.760429 0.124186 -0.230827 0.775796 0.266422 0.523335
1403638615.027829 2.561586 6.648759 0.154069 -0.216287 0.784901 0.245771 0.526068
1403638615.127830 2.543017 6.535017 0.187426 -0.195749 0.791401 0.224399 0.533865
1403638615.227829 2.529071 6.418150 0.226270 -0.171482 0.793472 0.203340 0.547401
1403638615.327830 2.517624 6.300641 0.264321 -0.149329 0.796536 0.179201 0.557779
1403638615.427830 2.506726 6.183002 0.296776 -0.128529 0.800026 0.153262 0.565641
1403638615.527829 2.494548 6.062491 0.321861 -0.109028 0.803964 0.127804 0.570457
1403638615.627830 2.481581 5.942233 0.341458 -0.093895 0.806424 0.106783 0.573987
1403638615.727829 2.468150 5.823181 0.361211 -0.083893 0.808278 0.092040 0.575480
1403638615.827830 2.454418 5.706869 0.388640 -0.077133 0.809533 0.081187 0.576294
1403638615.927830 2.438716 5.591098 0.420034 -0.071977 0.810568 0.068569 0.577146
1403638616.027829 2.421153 5.473626 0.445717 -0.063889 0.812184 0.056701 0.577114
1403638616.127830 2.401535 5.354217 0.462189 -0.054170 0.813128 0.044079 0.577880
1403638616.227829 2.381036 5.236202 0.462549 -0.044407 0.814575 0.027642 0.577696
1403638616.327830 2.359111 5.116910 0.446879 -0.031948 0.815533 0.008602 0.577765
1403638616.427830 2.336923 4.993693 0.420672 -0.019118 0.816185 -0.010293 0.577383
1403638616.527829 2.313683 4.869679 0.390192 -0.009743 0.816988 -0.025841 0.575992
1403638616.627830 2.290665 4.747967 0.355626 -0.001914 0.819930 -0.036771 0.571279
1403638616.727829 2.268940 4.625976 0.317318 -0.000262 0.827126 -0.046365 0.560101
1403638616.827830 2.253169 4.505379 0.275444 -0.004993 0.834737 -0.055545 0.547817
1403638616.927830 2.244929 4.384658 0.236840 -0.005218 0.836863 -0.058430 0.544260
1403638617.027829 2.243115 4.258666 0.209210 0.001923 0.833637 -0.053639 0.549698
1403638617.127830 2.245935 4.128784 0.190302 0.008973 0.829776 -0.046886 0.556051
1403638617.227829 2.252193 3.996802 0.177966 0.012454 0.829611 -0.041256 0.556677
1403638617.327830 2.262146 3.864814 0.170081 0.011684 0.832806 -0.038330 0.552112
1403638617.427830 2.276620 3.734861 0.169083 0.012339 0.836971 -0.034703 0.546006
1403638617.527829 2.296667 3.607124 0.176805 0.012112 0.838741 -0.031438 0.543487
1403638617.627830 2.323326 3.482889 0.193564 0.012103 0.838289 -0.028664 0.544338
1403638617.727829 2.359010 3.364946 0.219432 0.013907 0.836581 -0.024511 0.547118
1403638617.827830 2.399827 3.251244 0.252151 0.014244 0.836469 -0.021883 0.547392
1403638617.927830 2.445751 3.142510 0.292014 0.012852 0.835300 -0.020878 0.549247
1403638618.027829 2.496497 3.034741 0.329885 0.011844 0.834847 -0.019741 0.550001
1403638618.127830 2.550133 2.929704 0.361796 0.009841 0.834949 -0.019284 0.549901
1403638618.227829 2.608955 2.826961 0.387056 0.009303 0.834715 -0.018153 0.550305
1403638618.327830 2.670287 2.728645 0.407634 0.009686 0.834037 -0.016666 0.551372
1403638618.427830 2.735070 2.631871 0.424720 0.009525 0.833939 -0.015639 0.551553
1403638618.527829 2.803595 2.539548 0.440720 0.008955 0.833401 -0.014516 0.552406
1403638618.627830 2.875611 2.447448 0.453662 0.011632 0.833044 -0.016393 0.552842
1403638618.727829 2.951423 2.360486 0.468113 0.015826 0.832810 -0.018686 0.553018
1403638618.827830 3.031356 2.276624 0.487434 0.017151 0.831636 -0.022684 0.554592
1403638618.927830 3.114503 2.196494 0.511757 0.021987 0.828989 -0.028036 0.558129
1403638619.027829 3.199962 2.118382 0.532363 0.030694 0.824547 -0.039345 0.563589
1403638619.127830 3.285509 2.041864 0.545200 0.044707 0.820913 -0.055204 0.566617
1403638619.227829 3.371348 1.968558 0.551067 0.058489 0.817259 -0.076932 0.568110
1403638619.327830 3.456721 1.898156 0.549302 0.074006 0.813585 -0.101840 0.567654
1403638619.427830 3.540491 1.831219 0.540100 0.087347 0.808943 -0.125267 0.567706
1403638619.527829 3.625405 1.767871 0.528863 0.095682 0.804915 -0.143666 0.567729
1403638619.627830 3.709724 1.707385 0.515845 0.098506 0.801883 -0.159192 0.567396
1403638619.727829 3.792698 1.646797 0.499876 0.093038 0.799167 -0.174059 0.567784
1403638619.827830 3.872940 1.583965 0.482248 0.090730 0.796309 -0.183028 0.569351
1403638619.927830 3.948667 1.519647 0.459744 0.091294 0.794750 -0.188053 0.569802
1403638620.027829 4.019781 1.451406 0.440061 0.093961 0.793488 -0.190058 0.570461
1403638620.127830 4.085013 1.380127 0.420787 0.097390 0.790694 -0.190138 0.573730
1403638620.227829 4.142964 1.306592 0.412770 0.100199 0.788419 -0.189613 0.576543
1403638620.327830 4.195438 1.231111 0.407790 0.104234 0.790085 -0.187141 0.574350
1403638620.427830 4.238515 1.155652 0.413435 0.105592 0.791165 -0.185466 0.573159
1403638620.527829 4.279889 1.077720 0.419440 0.106193 0.792438 -0.183289 0.571988
1403638620.627830 4.314115 1.000879 0.422838 0.104326 0.794581 -0.182555 0.569588
1403638620.727829 4.349093 0.921666 0.419368 0.100459 0.797770 -0.183200 0.565604
1403638620.827830 4.380075 0.842482 0.410573 0.099171 0.800797 -0.181767 0.562006
1403638620.927830 4.406095 0.763258 0.399543 0.104220 0.802669 -0.175773 0.560325
1403638621.027829 4.436708 0.681101 0.384781 0.108908 0.801909 -0.169918 0.562324
1403638621.127830 4.460350 0.601171 0.371040 0.109521 0.800771 -0.166862 0.564738
1403638621.227829 4.488218 0.521951 0.364778 0.109200 0.799233 -0.164481 0.567669
1403638621.327830 4.515402 0.444743 0.365544 0.110740 0.799760 -0.161435 0.567502
1403638621.427830 4.540349 0.370318 0.365260 0.110650 0.798563 -0.159373 0.569784
1403638621.527829 4.563447 0.299487 0.359034 0.111592 0.796540 -0.156959 0.573092
1403638621.627830 4.581589 0.236008 0.349852 0.111558 0.794908 -0.155435 0.575774
1403638621.727829 4.600900 0.171473 0.333870 0.111803 0.794055 -0.154395 0.577182
1403638621.827830 4.613956 0.116006 0.315457 0.113351 0.791801 -0.152669 0.580426
1403638621.927830 4.624990 0.058646 0.293371 0.114773 0.788367 -0.151099 0.585213
1403638622.027829 4.630696 0.008982 0.268321 0.114039 0.786817 -0.151217 0.587408
1403638622.127830 4.630734 -0.030079 0.240650 0.111638 0.787479 -0.153338 0.586432
1403638622.227829 4.627452 -0.072577 0.211422 0.109264 0.787784 -0.155110 0.586002
1403638622.327830 4.618706 -0.110712 0.188581 0.107058 0.787745 -0.157148 0.585918
1403638622.427830 4.604029 -0.145902 0.174964 0.109561 0.788605 -0.156583 0.584449
1403638622.527829 4.581628 -0.170462 0.172078 0.112707 0.788663 -0.155422 0.584082
1403638622.627830 4.558360 -0.201878 0.171997 0.117671 0.787119 -0.152933 0.585841
1403638622.727829 4.527906 -0.220487 0.186786 0.121088 0.779160 -0.151303 0.596117
1403638622.827830 4.494673 -0.242168 0.204422 0.123033 0.769501 -0.150814 0.608265
1403638622.927830 4.453978 -0.252128 0.226262 0.122671 0.769586 -0.152022 0.607929
1403638623.027829 4.403858 -0.257851 0.242525 0.120057 0.775749 -0.155047 0.599800
1403638623.127830 4.345464 -0.259690 0.252362 0.116073 0.781445 -0.158681 0.592192
1403638623.227829 4.279337 -0.254701 0.257718 0.112131 0.784486 -0.161626 0.588120
1403638623.327830 4.209172 -0.250303 0.257823 0.109690 0.787931 -0.163486 0.583443
1403638623.427830 4.136355 -0.247601 0.253281 0.109796 0.790682 -0.163595 0.579658
1403638623.527829 4.060053 -0.242251 0.247759 0.108463 0.791208 -0.164433 0.578953
1403638623.627830 3.980856 -0.237251 0.247506 0.111307 0.790610 -0.163171 0.579587
1403638623.727829 3.897108 -0.231074 0.254236 0.113033 0.791305 -0.162814 0.578405
1403638623.827830 3.809916 -0.223450 0.266587 0.114714 0.792159 -0.162548 0.576977
1403638623.927830 3.718678 -0.214040 0.282885 0.116307 0.793880 -0.163223 0.574095
1403638624.027829 3.624831 -0.203624 0.293353 0.116499 0.794544 -0.164389 0.572804
1403638624.127830 3.530307 -0.191172 0.299559 0.114286 0.794989 -0.167281 0.571794
1403638624.227829 3.436332 -0.178880 0.302351 0.111804 0.794935 -0.170192 0.571501
1403638624.327830 3.338839 -0.165695 0.298532 0.110734 0.794180 -0.172183 0.572161
1403638624.427830 3.242176 -0.152913 0.291258 0.110679 0.793921 -0.173512 0.572130
1403638624.527829 3.148050 -0.142044 0.284278 0.109600 0.790808 -0.175831 0.575929
1403638624.627830 3.046596 -0.130227 0.268991 0.107142 0.781077 -0.178233 0.588789
1403638624.727829 2.942599 -0.119347 0.254350 0.111458 0.783574 -0.171478 0.586673
1403638624.827830 2.844240 -0.109936 0.250411 0.114541 0.790700 -0.161884 0.579195
1403638624.927830 2.731354 -0.094057 0.250490 0.111867 0.795176 -0.156508 0.575054
1403638625.027829 2.630573 -0.082584 0.257520 0.104549 0.796820 -0.154774 0.574624
1403638625.127830 2.517945 -0.066210 0.259365 0.096313 0.797825 -0.155348 0.574514
1403638625.227829 2.420553 -0.056438 0.258992 0.092158 0.799077 -0.154459 0.573694
1403638625.327830 2.309009 -0.042583 0.254014 0.090859 0.799384 -0.153007 0.573864
1403638625.427830 2.210447 -0.035739 0.252881 0.090350 0.799311 -0.151777 0.574372
1403638625.527829 2.099427 -0.024510 0.255757 0.090314 0.799113 -0.151283 0.574782
1403638625.627830 1.991052 -0.015998 0.266036 0.090828 0.800591 -0.151078 0.572696
1403638625.727829 1.890029 -0.011664 0.282507 0.089690 0.803557 -0.151847 0.568502
1403638625.827830 1.781052 -0.004248 0.295031 0.088936 0.807885 -0.152891 0.562172
1403638625.927830 1.675988 -0.001472 0.305664 0.090116 0.808896 -0.152641 0.560596
1403638626.027829 1.571796 0.000602 0.309106 0.090031 0.809620 -0.153664 0.559283
1403638626.127830 1.470643 0.001461 0.307514 0.088332 0.810021 -0.155578 0.558444
1403638626.227829 1.375635 0.000162 0.300030 0.089937 0.809883 -0.154975 0.558554
1403638626.327830 1.280717 -0.003102 0.290330 0.096296 0.807983 -0.151104 0.561301
1403638626.427830 1.187688 -0.005962 0.277655 0.101942 0.805849 -0.146971 0.564460
1403638626.527829 1.093807 -0.007107 0.260286 0.103368 0.807117 -0.145585 0.562746
1403638626.627830 1.005047 -0.008894 0.244791 0.102118 0.809197 -0.146343 0.559781
1403638626.727829 0.918724 -0.009492 0.231236 0.100364 0.812027 -0.147082 0.555793
1403638626.827830 0.834990 -0.009455 0.222997 0.098594 0.815220 -0.148029 0.551164
1403638626.927830 0.759772 -0.010133 0.224344 0.098571 0.817489 -0.147549 0.547927
1403638627.027829 0.688683 -0.010546 0.226752 0.097919 0.817553 -0.147345 0.548004
1403638627.127830 0.623735 -0.011847 0.227011 0.097162 0.817342 -0.147184 0.548496
1403638627.227829 0.562607 -0.014103 0.222087 0.096541 0.817236 -0.146975 0.548821
1403638627.327830 0.507205 -0.016133 0.214461 0.099167 0.817272 -0.144712 0.548899
1403638627.427830 0.460923 -0.018799 0.200380 0.100353 0.817207 -0.143667 0.549056
1403638627.527829 0.417661 -0.021700 0.189275 0.100045 0.816874 -0.143952 0.549532
1403638627.627830 0.380273 -0.023954 0.175634 0.103310 0.814844 -0.142442 0.552328
1403638627.727829 0.348082 -0.025940 0.160623 0.104234 0.811806 -0.142189 0.556676
1403638627.827830 0.335362 -0.023152 0.140170 0.105585 0.810517 -0.141985 0.558349
1403638627.927830 0.305252 -0.023187 0.124810 0.106326 0.811677 -0.141943 0.556532
1403638628.027829 0.275768 -0.021507 0.110165 0.107485 0.813248 -0.141869 0.554029
1403638628.127830 0.248984 -0.017000 0.096857 0.108035 0.814197 -0.142402 0.552389
1403638628.227829 0.226358 -0.011201 0.084758 0.108388 0.814300 -0.143121 0.551982
1403638628.327830 0.212397 -0.002699 0.074855 0.108041 0.814953 -0.144282 0.550783
1403638628.427830 0.214912 0.006039 0.062908 0.105544 0.814590 -0.146393 0.551246
1403638628.527829 0.209104 0.015354 0.059393 0.097259 0.808729 -0.152706 0.559623
1403638628.627830 0.204080 0.023765 0.057939 0.091007 0.801923 -0.157361 0.569099
1403638628.727829 0.221266 0.033208 0.055049 0.088683 0.801520 -0.159181 0.569529
1403638628.827830 0.215959 0.039040 0.053151 0.092342 0.803041 -0.157200 0.567351
1403638628.927830 0.203269 0.043130 0.042018 0.096791 0.803106 -0.154797 0.567177
1403638629.027829 0.190407 0.046511 0.031282 0.101774 0.804114 -0.151367 0.565801
1403638629.127830 0.182887 0.046511 0.022378 0.105184 0.805435 -0.148554 0.564041
1403638629.227829 0.172618 0.050686 0.015719 0.106877 0.806437 -0.147055 0.562683
1403638629.327830 0.161943 0.056260 0.011037 0.108210 0.807211 -0.146364 0.561497
1403638629.427830 0.154272 0.063798 0.009124 0.107763 0.811277 -0.147317 0.555441
1403638629.527829 0.153879 0.070622 0.008869 0.104972 0.815903 -0.149886 0.548469
1403638629.627830 0.157211 0.077640 0.010533 0.097877 0.816194 -0.155271 0.547849
1403638629.727829 0.163365 0.083061 0.014150 0.087764 0.812147 -0.162923 0.553326
1403638629.827830 0.170103 0.085733 0.016836 0.083907 0.806111 -0.166131 0.561734
1403638629.927830 0.176787 0.084654 0.012515 0.089108 0.799962 -0.163446 0.570443
1403638630.027829 0.180841 0.081190 -0.000367 0.100082 0.794133 -0.156270 0.578719
1403638630.127830 0.181596 0.078279 -0.024755 0.106693 0.794547 -0.151659 0.578196
1403638630.227829 0.179918 0.076989 -0.056767 0.109256 0.798666 -0.149603 0.572551
1403638630.327830 0.176791 0.077224 -0.094604 0.111597 0.805335 -0.149178 0.562786
1403638630.427830 0.185554 0.080731 -0.096782 0.096841 0.811519 -0.155615 0.554836
1403638630.527829 0.196414 0.081442 -0.088868 0.105978 0.801988 -0.148250 0.568864
1403638630.627830 0.205924 0.082881 -0.101073 0.106747 0.801190 -0.148582 0.569756
1403638630.727829 0.210833 0.080209 -0.118972 0.097016 0.827468 -0.141853 0.534567
1403638630.827830 0.202048 0.076731 -0.124168 0.101384 0.824906 -0.143798 0.537191
1403638630.927830 0.196302 0.078135 -0.129293 0.100440 0.825764 -0.142025 0.536520
1403638631.027829 0.189777 0.078567 -0.133255 0.099910 0.825996 -0.142283 0.536193
1403638631.127830 0.182330 0.079472 -0.138120 0.099476 0.826028 -0.142638 0.536132
1403638631.227829 0.174351 0.080429 -0.142710 0.099659 0.826036 -0.142516 0.536118
1403638631.327830 0.166879 0.081275 -0.146889 0.099666 0.825926 -0.142586 0.536267
1403638631.427830 0.158906 0.082200 -0.151022 0.099883 0.825942 -0.142430 0.536243
1403638631.527829 0.150999 0.083013 -0.154792 0.099906 0.826034 -0.142540 0.536068
1403638631.627830 0.143084 0.083794 -0.158429 0.100140 0.826111 -0.142392 0.535946
