1403638522.827830 0.020021 0.005823 0.182206 0.818886 0.023182 0.570789 -0.055571
1403638522.927830 0.029133 0.008240 0.281812 0.813522 0.018126 0.577225 -0.068302
1403638523.027829 0.032726 0.004499 0.344561 0.809470 0.015135 0.582478 -0.072451
1403638523.127830 0.032800 -0.000630 0.366552 0.808014 0.015567 0.584520 -0.072164
1403638523.227829 0.030998 -0.006885 0.378587 0.806504 0.015363 0.587117 -0.067891
1403638523.327830 0.029832 -0.013368 0.360448 0.804182 0.014728 0.591315 -0.058486
1403638523.427830 0.028973 -0.018566 0.324073 0.805102 0.015405 0.590361 -0.055201
1403638523.527829 0.025681 -0.024606 0.278406 0.811896 0.019072 0.581419 -0.049127
1403638523.627830 0.019869 -0.032174 0.227782 0.822176 0.022914 0.567247 -0.041625
1403638523.727829 0.014115 -0.038218 0.179428 0.829177 0.025751 0.557181 -0.036757
1403638523.827830 0.007823 -0.043011 0.134334 0.831598 0.028396 0.553574 -0.034562
1403638523.927830 0.000951 -0.048373 0.094370 0.831197 0.032700 0.554340 -0.027368
1403638524.027829 -0.004079 -0.051496 0.070085 0.832669 0.040360 0.551985 -0.018606
1403638524.127830 -0.006767 -0.051417 0.071911 0.836963 0.047905 0.544959 -0.014749
1403638524.227829 -0.006139 -0.050120 0.108759 0.840260 0.050583 0.539466 -0.019518
1403638524.327830 -0.003282 -0.050167 0.158938 0.839114 0.050245 0.540919 -0.027755
1403638524.427830 0.002917 -0.049234 0.217016 0.834398 0.048232 0.547819 -0.036714
1403638524.527829 0.010447 -0.047834 0.277688 0.826099 0.047592 0.559928 -0.042145
1403638524.627830 0.019275 -0.045372 0.335258 0.818068 0.043977 0.571854 -0.042593
1403638524.727829 0.027567 -0.041275 0.382978 0.813075 0.038736 0.579904 -0.033452
1403638524.827830 0.033376 -0.036693 0.416091 0.810453 0.033696 0.584457 -0.020973
1403638524.927830 0.037137 -0.032048 0.434753 0.809280 0.033737 0.585915 -0.025112
1403638525.027829 0.037581 -0.030004 0.433953 0.806989 0.037294 0.588642 -0.029628
1403638525.127830 0.038855 -0.028555 0.409708 0.804563 0.041306 0.591882 -0.025460
1403638525.227829 0.039620 -0.028431 0.368468 0.804760 0.046374 0.591288 -0.024269
1403638525.327830 0.038317 -0.027410 0.316229 0.810617 0.051233 0.582789 -0.025152
1403638525.427830 0.034559 -0.028385 0.262704 0.821805 0.054817 0.566299 -0.030608
1403638525.527829 0.030740 -0.028699 0.212958 0.833202 0.055629 0.548715 -0.039888
1403638525.627830 0.028038 -0.030598 0.170085 0.839039 0.053935 0.539634 -0.043574
1403638525.727829 0.026827 -0.033892 0.135829 0.839612 0.049802 0.539247 -0.042234
1403638525.827830 0.026304 -0.033915 0.109845 0.836630 0.043941 0.544683 -0.037947
1403638525.927830 0.024966 -0.036638 0.092103 0.833532 0.041239 0.550161 -0.029097
1403638526.027829 0.022135 -0.050277 0.085698 0.833792 0.040959 0.550078 -0.022983
1403638526.127830 0.017369 -0.076671 0.091945 0.836371 0.034735 0.546681 -0.020413
1403638526.227829 0.013798 -0.109373 0.103572 0.837399 0.025331 0.545701 -0.018204
1403638526.327830 0.008046 -0.147238 0.118028 0.834541 0.016801 0.550481 -0.015154
1403638526.427830 0.000020 -0.190329 0.131725 0.829719 0.007201 0.557989 -0.012794
1403638526.527829 -0.010447 -0.236972 0.142495 0.824576 -0.004473 0.565608 -0.011949
1403638526.627830 -0.021618 -0.290822 0.149859 0.819013 -0.014065 0.573523 -0.009582
1403638526.727829 -0.035096 -0.351642 0.155606 0.814938 -0.021242 0.579144 -0.004186
1403638526.827830 -0.050845 -0.416339 0.159610 0.812735 -0.024892 0.582067 0.006256
1403638526.927830 -0.067977 -0.479155 0.162671 0.813933 -0.028893 0.580140 0.010760
1403638527.027829 -0.083934 -0.538640 0.165620 0.818259 -0.038625 0.573310 0.016613
1403638527.127830 -0.097383 -0.593170 0.170002 0.821869 -0.053525 0.566622 0.024621
1403638527.227829 -0.107389 -0.639033 0.176065 0.821238 -0.068162 0.565524 0.033251
1403638527.327830 -0.112560 -0.670671 0.183082 0.816719 -0.079810 0.569477 0.047924
1403638527.427830 -0.110535 -0.683938 0.188017 0.811942 -0.086068 0.574044 0.061771
1403638527.527829 -0.103995 -0.675578 0.190008 0.809866 -0.088669 0.575861 0.068116
1403638527.627830 -0.090714 -0.644268 0.188979 0.810069 -0.087982 0.575641 0.068440
1403638527.727829 -0.075536 -0.599225 0.187707 0.810784 -0.081413 0.575985 0.065138
1403638527.827830 -0.060649 -0.547106 0.188577 0.813276 -0.075753 0.574226 0.055748
1403638527.927830 -0.042689 -0.490207 0.192161 0.815755 -0.071108 0.572508 0.041495
1403638528.027829 -0.021325 -0.431567 0.193977 0.815148 -0.064834 0.574537 0.035182
1403638528.127830 -0.001394 -0.373275 0.193151 0.814385 -0.056612 0.576967 0.026092
1403638528.227829 0.020988 -0.320827 0.189434 0.815679 -0.046713 0.576423 0.014902
1403638528.327830 0.049269 -0.277389 0.183922 0.816514 -0.036175 0.576179 0.003670
1403638528.427830 0.080653 -0.246431 0.177923 0.815116 -0.030433 0.578497 0.001314
1403638528.527829 0.115318 -0.224778 0.172957 0.815801 -0.030266 0.577532 0.002994
1403638528.627830 0.150276 -0.208691 0.170648 0.817933 -0.037420 0.574091 0.002200
1403638528.727829 0.182671 -0.197758 0.171982 0.817953 -0.042981 0.573663 0.003923
1403638528.827830 0.204361 -0.190297 0.176867 0.816831 -0.048935 0.574770 0.005631
1403638528.927830 0.209825 -0.183898 0.186776 0.815964 -0.056667 0.575318 -0.000717
1403638529.027829 0.199979 -0.175282 0.202651 0.816608 -0.060901 0.573936 -0.006270
1403638529.127830 0.175072 -0.162796 0.216964 0.817403 -0.057466 0.573176 0.004356
1403638529.227829 0.142613 -0.144605 0.221175 0.818706 -0.050133 0.571679 0.019783
1403638529.327830 0.106863 -0.124032 0.215475 0.822028 -0.044945 0.567005 0.027476
1403638529.427830 0.074375 -0.100682 0.198110 0.829759 -0.041169 0.555834 0.029227
1403638529.527829 0.046923 -0.085017 0.176068 0.841053 -0.039118 0.538939 0.025375
1403638529.627830 0.026818 -0.072066 0.150047 0.848552 -0.035515 0.527274 0.026080
1403638529.727829 0.014365 -0.063868 0.123322 0.848680 -0.033237 0.527245 0.025512
1403638529.827830 0.007984 -0.054785 0.101696 0.842647 -0.034134 0.536836 0.024240
1403638529.927830 0.002610 -0.047469 0.082263 0.837724 -0.034471 0.544480 0.023899
1403638530.027829 0.005325 -0.043627 0.068799 0.837412 -0.034766 0.544925 0.024277
1403638530.127830 0.015410 -0.042591 0.058972 0.839614 -0.037047 0.541364 0.024507
1403638530.227829 0.030053 -0.043627 0.049179 0.840192 -0.042832 0.539936 0.026684
1403638530.327830 0.044335 -0.046073 0.039101 0.839528 -0.048929 0.540391 0.027872
1403638530.427830 0.057140 -0.049784 0.030229 0.838996 -0.053000 0.540649 0.031243
1403638530.527829 0.067294 -0.053713 0.023697 0.838854 -0.056915 0.540601 0.028900
1403638530.627830 0.073114 -0.057839 0.018734 0.840117 -0.059429 0.538267 0.030655
1403638530.727829 0.076599 -0.060444 0.013500 0.843984 -0.061615 0.531916 0.030988
1403638530.827830 0.079143 -0.062413 0.008283 0.846071 -0.062210 0.528520 0.030990
1403638530.927830 0.081042 -0.063214 0.004519 0.845161 -0.061515 0.530191 0.028564
1403638531.027829 0.081685 -0.063070 0.001913 0.842487 -0.061296 0.534528 0.027155
1403638531.127830 0.081046 -0.061903 0.001724 0.838898 -0.059991 0.540163 0.029587
1403638531.227829 0.081580 -0.060691 0.000987 0.838755 -0.057371 0.540536 0.031915
1403638531.327830 0.081631 -0.059384 0.000116 0.835116 -0.057572 0.546079 0.032626
1403638531.427830 0.081584 -0.059544 0.000051 0.835983 -0.057059 0.544755 0.033442
1403638531.527829 0.081195 -0.059602 0.000108 0.835257 -0.057565 0.545843 0.032958
1403638531.627830 0.081120 -0.059683 0.000020 0.835445 -0.056554 0.545628 0.033505
1403638531.727829 0.081102 -0.059647 -0.000051 0.835606 -0.057064 0.545329 0.033496
1403638531.827830 0.081149 -0.059643 -0.000107 0.835634 -0.057220 0.545270 0.033499
1403638531.927830 0.081151 -0.059602 -0.000146 0.835618 -0.057425 0.545279 0.033412
1403638532.027829 0.081169 -0.059567 -0.000206 0.835613 -0.057582 0.545273 0.033343
1403638532.127830 0.081212 -0.059584 -0.000226 0.835616 -0.057685 0.545257 0.033362
1403638532.227829 0.081159 -0.059610 -0.000245 0.835677 -0.057598 0.545158 0.033606
1403638532.327830 0.081181 -0.059657 -0.000258 0.835661 -0.057594 0.545174 0.033750
1403638532.427830 0.081159 -0.059696 -0.000270 0.835681 -0.057571 0.545141 0.033839
1403638532.527829 0.081157 -0.059714 -0.000285 0.835687 -0.057641 0.545121 0.033886
1403638532.627830 0.081170 -0.059728 -0.000316 0.835702 -0.057711 0.545089 0.033911
1403638532.727829 0.081159 -0.059722 -0.000340 0.835686 -0.057775 0.545105 0.033930
1403638532.827830 0.081173 -0.059727 -0.000336 0.835686 -0.057845 0.545097 0.033949
1403638532.927830 0.081147 -0.059734 -0.000349 0.835692 -0.057841 0.545081 0.034064
1403638533.027829 0.081151 -0.059764 -0.000353 0.835679 -0.057900 0.545089 0.034145
1403638533.127830 0.081139 -0.059782 -0.000361 0.835689 -0.057951 0.545066 0.034198
1403638533.227829 0.081131 -0.059799 -0.000387 0.835680 -0.058005 0.545070 0.034258
1403638533.327830 0.081137 -0.059809 -0.000389 0.835668 -0.058049 0.545078 0.034349
1403638533.427830 0.081116 -0.059822 -0.000413 0.835669 -0.058109 0.545070 0.034339
1403638533.527829 0.081125 -0.059836 -0.000414 0.835659 -0.058154 0.545075 0.034420
1403638533.627830 0.081122 -0.059871 -0.000417 0.835657 -0.058174 0.545069 0.034531
1403638533.727829 0.081093 -0.059886 -0.000428 0.835685 -0.058263 0.545008 0.034673
1403638533.827830 0.081102 -0.059916 -0.000440 0.835641 -0.058360 0.545064 0.034689
1403638533.927830 0.081146 -0.059923 -0.000495 0.835685 -0.058278 0.545004 0.034705
1403638534.027829 0.081111 -0.059938 -0.000490 0.835641 -0.058469 0.545042 0.034841
1403638534.127830 0.081085 -0.059966 -0.000466 0.835691 -0.058676 0.544933 0.035008
1403638534.227829 0.081066 -0.059954 -0.000458 0.835679 -0.058759 0.544948 0.034924
1403638534.327830 0.081094 -0.059937 -0.000431 0.835726 -0.058724 0.544889 0.034771
1403638534.427830 0.081088 -0.059932 -0.000434 0.835786 -0.058795 0.544789 0.034786
1403638534.527829 0.081073 -0.060012 -0.000423 0.835792 -0.059147 0.544717 0.035162
1403638534.627830 0.081099 -0.060021 -0.000384 0.835844 -0.058842 0.544673 0.035122
1403638534.727829 0.081116 -0.060033 -0.000391 0.835849 -0.058652 0.544692 0.035033
1403638534.827830 0.081106 -0.060058 -0.000390 0.835813 -0.058785 0.544722 0.035208
1403638534.927830 0.081079 -0.060128 -0.000404 0.835803 -0.059068 0.544681 0.035607
1403638535.027829 0.081087 -0.060181 -0.000392 0.835810 -0.059116 0.544659 0.035677
1403638535.127830 0.081079 -0.060226 -0.000379 0.835819 -0.059193 0.544625 0.035870
1403638535.227829 0.081072 -0.060258 -0.000391 0.835786 -0.059270 0.544664 0.035919
1403638535.327830 0.081072 -0.060293 -0.000389 0.835780 -0.059396 0.544649 0.036072
1403638535.427830 0.081071 -0.060302 -0.000369 0.835754 -0.059433 0.544673 0.036258
1403638535.527829 0.081083 -0.060315 -0.000368 0.835725 -0.059537 0.544701 0.036318
1403638535.627830 0.081084 -0.060324 -0.000373 0.835731 -0.059538 0.544687 0.036387
1403638535.727829 0.081085 -0.060355 -0.000367 0.835706 -0.059655 0.544705 0.036510
1403638535.827830 0.081091 -0.060402 -0.000368 0.835671 -0.059740 0.544742 0.036630
1403638535.927830 0.081082 -0.060411 -0.000374 0.835664 -0.059833 0.544737 0.036708
1403638536.027829 0.081083 -0.060442 -0.000367 0.835658 -0.059875 0.544741 0.036716
1403638536.127830 0.081086 -0.060460 -0.000366 0.835646 -0.059969 0.544743 0.036815
1403638536.227829 0.081102 -0.060491 -0.000350 0.835621 -0.060039 0.544768 0.036887
1403638536.327830 0.081100 -0.060503 -0.000370 0.835546 -0.060049 0.544879 0.036922
1403638536.427830 0.081100 -0.060514 -0.000372 0.835521 -0.060146 0.544899 0.037048
1403638536.527829 0.081104 -0.060545 -0.000356 0.835515 -0.060167 0.544901 0.037120
1403638536.627830 0.081092 -0.060545 -0.000359 0.835456 -0.060298 0.544971 0.037205
1403638536.727829 0.081101 -0.060572 -0.000362 0.835435 -0.060278 0.544995 0.037346
1403638536.827830 0.081101 -0.060622 -0.000368 0.835397 -0.060402 0.545032 0.037470
1403638536.927830 0.081099 -0.060657 -0.000368 0.835364 -0.060458 0.545070 0.037553
1403638537.027829 0.081110 -0.060670 -0.000350 0.835376 -0.060494 0.545041 0.037644
1403638537.127830 0.081121 -0.060659 -0.000349 0.835344 -0.060469 0.545082 0.037804
1403638537.227829 0.081122 -0.060656 -0.000334 0.835348 -0.060580 0.545060 0.037868
1403638537.327830 0.081131 -0.060668 -0.000336 0.835309 -0.060613 0.545114 0.037900
1403638537.427830 0.081136 -0.060672 -0.000339 0.835287 -0.060613 0.545146 0.037914
1403638537.527829 0.081145 -0.060668 -0.000320 0.835288 -0.060602 0.545140 0.038009
1403638537.627830 0.081152 -0.060668 -0.000285 0.835284 -0.060526 0.545143 0.038158
1403638537.727829 0.081156 -0.060718 -0.000270 0.835327 -0.060594 0.545063 0.038247
1403638537.827830 0.081149 -0.060704 -0.000253 0.835297 -0.060640 0.545102 0.038291
1403638537.927830 0.081171 -0.060719 -0.000264 0.835244 -0.060654 0.545179 0.038324
1403638538.027829 0.081166 -0.060744 -0.000208 0.835308 -0.060724 0.545067 0.038408
1403638538.127830 0.081156 -0.060750 -0.000196 0.835202 -0.060728 0.545215 0.038602
1403638538.227829 0.081180 -0.060749 -0.000208 0.835193 -0.060774 0.545221 0.038634
1403638538.327830 0.081166 -0.060766 -0.000220 0.835184 -0.060716 0.545239 0.038675
1403638538.427830 0.081240 -0.060734 -0.000152 0.835070 -0.060773 0.545401 0.038763
1403638538.527829 0.081205 -0.060771 -0.000062 0.835061 -0.060851 0.545405 0.038790
1403638538.627830 0.081154 -0.060819 0.000032 0.834860 -0.060994 0.545677 0.039056
1403638538.727829 0.081123 -0.060880 0.000155 0.834525 -0.060929 0.546185 0.039205
1403638538.827830 0.081906 -0.060725 0.000295 0.833981 -0.060440 0.547102 0.038760
1403638538.927830 0.084162 -0.060472 0.001967 0.831116 -0.059717 0.551513 0.038907
1403638539.027829 0.087468 -0.060348 0.005176 0.826462 -0.060309 0.558318 0.040050
1403638539.127830 0.093443 -0.060477 0.011018 0.819813 -0.061676 0.567899 0.039933
1403638539.227829 0.101338 -0.060166 0.022698 0.815030 -0.061028 0.574817 0.039837
1403638539.327830 0.109739 -0.060081 0.042070 0.814114 -0.060753 0.576175 0.039369
1403638539.427830 0.118447 -0.060451 0.068482 0.815737 -0.059703 0.573989 0.039298
1403638539.527829 0.128181 -0.061331 0.099352 0.817743 -0.058571 0.571270 0.038948
1403638539.627830 0.136663 -0.061804 0.131504 0.818422 -0.057657 0.570446 0.038109
1403638539.727829 0.145773 -0.062612 0.153993 0.819073 -0.056687 0.569649 0.037510
1403638539.827830 0.156124 -0.062978 0.165656 0.820699 -0.055379 0.567442 0.037350
1403638539.927830 0.168809 -0.062964 0.173815 0.824567 -0.054766 0.561951 0.036059
1403638540.027829 0.187623 -0.064009 0.179574 0.830000 -0.055317 0.553923 0.034769
1403638540.127830 0.207619 -0.065637 0.186842 0.835848 -0.055178 0.545098 0.034380
1403638540.227829 0.238038 -0.067738 0.193706 0.835770 -0.053910 0.545314 0.034842
1403638540.327830 0.275342 -0.069071 0.204591 0.829586 -0.052828 0.554731 0.035626
1403638540.427830 0.315322 -0.070281 0.213582 0.825033 -0.048868 0.561879 0.034979
1403638540.527829 0.360513 -0.071465 0.217141 0.824621 -0.040279 0.563474 0.029570
1403638540.627830 0.406380 -0.069104 0.223660 0.824905 -0.026394 0.564266 0.020935
1403638540.727829 0.456440 -0.069022 0.228390 0.824173 -0.004882 0.566149 0.013802
1403638540.827830 0.507062 -0.064520 0.233691 0.823648 0.021509 0.566672 0.004877
1403638540.927830 0.558680 -0.055797 0.236768 0.822772 0.049649 0.566158 -0.006829
1403638541.027829 0.611219 -0.042499 0.237948 0.821135 0.072256 0.565723 -0.021780
1403638541.127830 0.663538 -0.023444 0.236428 0.818866 0.088509 0.566107 -0.033883
1403638541.227829 0.718559 -0.005906 0.231220 0.818003 0.099606 0.564991 -0.041646
1403638541.327830 0.773453 0.018760 0.228548 0.817421 0.105531 0.564451 -0.045608
1403638541.427830 0.827563 0.049544 0.231975 0.817525 0.106711 0.563880 -0.048006
1403638541.527829 0.880526 0.084968 0.240347 0.816365 0.107457 0.565522 -0.046753
1403638541.627830 0.935423 0.128193 0.256892 0.814849 0.109690 0.567199 -0.047691
1403638541.727829 0.990838 0.176132 0.279807 0.813044 0.113996 0.568287 -0.054894
1403638541.827830 1.044169 0.230686 0.310965 0.812062 0.120371 0.567067 -0.067094
1403638541.927830 1.095068 0.288106 0.343721 0.810990 0.131928 0.564510 -0.078864
1403638542.027829 1.144301 0.347215 0.370990 0.809270 0.147594 0.561096 -0.092029
1403638542.127830 1.193086 0.406803 0.392321 0.806400 0.166805 0.557442 -0.105612
1403638542.227829 1.240909 0.467739 0.407468 0.802562 0.187819 0.552978 -0.121790
1403638542.327830 1.288782 0.530053 0.417232 0.797475 0.211427 0.548393 -0.136372
1403638542.427830 1.337558 0.593180 0.424220 0.786304 0.232094 0.553495 -0.146634
1403638542.527829 1.384245 0.656599 0.428779 0.772858 0.251490 0.563625 -0.147546
1403638542.627830 1.425749 0.723936 0.432013 0.764475 0.266208 0.568945 -0.144960
1403638542.727829 1.460246 0.793263 0.440039 0.764859 0.270646 0.565224 -0.149209
1403638542.827830 1.487129 0.867025 0.455196 0.769423 0.267845 0.557706 -0.158780
1403638542.927830 1.507473 0.943035 0.476735 0.774949 0.264577 0.549758 -0.164985
1403638543.027829 1.522919 1.019892 0.505167 0.778985 0.261868 0.544356 -0.168178
1403638543.127830 1.537453 1.098343 0.531187 0.781290 0.258694 0.541942 -0.170184
1403638543.227829 1.550604 1.174225 0.553190 0.782225 0.257183 0.541483 -0.169638
1403638543.327830 1.564797 1.252041 0.566758 0.782879 0.254970 0.541500 -0.169908
1403638543.427830 1.579793 1.332783 0.576920 0.782852 0.256448 0.540462 -0.171108
1403638543.527829 1.594929 1.414896 0.583957 0.781051 0.263665 0.538309 -0.175112
1403638543.627830 1.608318 1.497086 0.588749 0.776634 0.279214 0.535141 -0.180288
1403638543.727829 1.620767 1.577404 0.593245 0.769864 0.298621 0.531205 -0.189618
1403638543.827830 1.632340 1.662657 0.602151 0.760090 0.321732 0.528112 -0.199624
1403638543.927830 1.643894 1.752290 0.619270 0.750660 0.342304 0.523010 -0.214005
1403638544.027829 1.652809 1.832290 0.640408 0.744103 0.357047 0.516055 -0.229163
1403638544.127830 1.662452 1.910297 0.662128 0.740565 0.366672 0.508803 -0.241318
1403638544.227829 1.674835 1.992742 0.680636 0.737716 0.371165 0.504972 -0.251027
1403638544.327830 1.690174 2.083596 0.692336 0.735993 0.374250 0.503053 -0.255319
1403638544.427830 1.706832 2.172818 0.700907 0.736611 0.375437 0.500722 -0.256377
1403638544.527829 1.724364 2.262577 0.707776 0.735834 0.375519 0.502252 -0.255495
1403638544.627830 1.742995 2.354585 0.714766 0.730544 0.374859 0.508222 -0.259799
1403638544.727829 1.760817 2.448382 0.729905 0.726020 0.374999 0.512729 -0.263400
1403638544.827830 1.776542 2.540340 0.748953 0.727715 0.376946 0.509440 -0.262324
1403638544.927830 1.794296 2.629694 0.758828 0.730610 0.378386 0.504802 -0.261166
1403638545.027829 1.812603 2.718937 0.763207 0.730053 0.378564 0.504804 -0.262460
1403638545.127830 1.825173 2.808189 0.769602 0.728946 0.378780 0.505749 -0.263402
1403638545.227829 1.841999 2.897228 0.763786 0.729154 0.380548 0.504687 -0.262313
1403638545.327830 1.857188 2.984657 0.755206 0.727012 0.381082 0.507001 -0.263019
1403638545.427830 1.875536 3.075203 0.740219 0.726021 0.380238 0.508073 -0.264905
1403638545.527829 1.893164 3.165601 0.725160 0.724730 0.383715 0.505734 -0.267884
1403638545.627830 1.906977 3.251330 0.717984 0.721151 0.392651 0.500123 -0.275034
1403638545.727829 1.923004 3.334323 0.713211 0.714882 0.406816 0.493135 -0.283307
1403638545.827830 1.939476 3.417599 0.718520 0.704375 0.425334 0.486589 -0.293561
1403638545.927830 1.955129 3.502651 0.729968 0.692728 0.446554 0.477889 -0.303874
1403638546.027829 1.971320 3.588923 0.747705 0.680500 0.467204 0.470186 -0.312356
1403638546.127830 1.989395 3.679385 0.763079 0.669854 0.483297 0.465009 -0.318569
1403638546.227829 2.005901 3.772486 0.771896 0.663491 0.492561 0.459455 -0.325674
1403638546.327830 2.021529 3.866790 0.773831 0.660330 0.497326 0.454594 -0.331625
1403638546.427830 2.035362 3.960310 0.770510 0.659961 0.498452 0.450367 -0.336402
1403638546.527829 2.048678 4.054909 0.763681 0.658910 0.500295 0.448992 -0.337563
1403638546.627830 2.061631 4.151360 0.760589 0.655166 0.505321 0.447277 -0.339634
1403638546.727829 2.073477 4.250035 0.765713 0.650263 0.511146 0.444974 -0.343347
1403638546.827830 2.085422 4.352105 0.780821 0.645910 0.516936 0.443988 -0.344169
1403638546.927830 2.095002 4.456761 0.799318 0.642838 0.521136 0.443371 -0.344381
1403638547.027829 2.103790 4.561839 0.812373 0.639733 0.525007 0.444401 -0.342953
1403638547.127830 2.109617 4.668638 0.817902 0.637080 0.528918 0.446282 -0.339421
1403638547.227829 2.112364 4.775389 0.819842 0.635743 0.530996 0.447177 -0.337500
1403638547.327830 2.108700 4.881637 0.815354 0.634800 0.531808 0.448408 -0.336364
1403638547.427830 2.101952 4.989214 0.810190 0.638131 0.527917 0.444361 -0.341521
1403638547.527829 2.092782 5.097752 0.801759 0.641395 0.523886 0.440698 -0.346325
1403638547.627830 2.079779 5.203409 0.785013 0.643559 0.521342 0.438655 -0.348735
1403638547.727829 2.070354 5.318388 0.766627 0.643926 0.520971 0.439682 -0.347315
1403638547.827830 2.052147 5.418967 0.740181 0.641664 0.523268 0.443412 -0.343283
1403638547.927830 2.038329 5.536003 0.715342 0.641468 0.523243 0.444055 -0.342857
1403638548.027829 2.018868 5.649464 0.696523 0.640878 0.524317 0.442587 -0.344216
1403638548.127830 1.995688 5.769229 0.684133 0.638102 0.528211 0.439197 -0.347742
1403638548.227829 1.973485 5.889010 0.683113 0.632800 0.534963 0.433836 -0.353786
1403638548.327830 1.948993 6.013876 0.689022 0.624865 0.544793 0.426703 -0.361482
1403638548.427830 1.922550 6.139671 0.702012 0.615303 0.557101 0.418583 -0.368550
1403638548.527829 1.899258 6.267380 0.720042 0.606788 0.565859 0.412191 -0.376444
1403638548.627830 1.872907 6.395310 0.730683 0.599582 0.572841 0.408327 -0.381607
1403638548.727829 1.851732 6.517177 0.743863 0.594996 0.577588 0.404695 -0.385479
1403638548.827830 1.825913 6.645958 0.752321 0.592098 0.580688 0.402279 -0.387806
1403638548.927830 1.803510 6.767855 0.773139 0.590384 0.582139 0.400746 -0.389825
1403638549.027829 1.776611 6.897291 0.795267 0.589708 0.583952 0.399985 -0.388917
1403638549.127830 1.750698 7.024567 0.825611 0.590171 0.582507 0.399232 -0.391150
1403638549.227829 1.724494 7.147035 0.860346 0.590183 0.582081 0.399382 -0.391611
1403638549.327830 1.697634 7.279151 0.899305 0.591379 0.580224 0.398750 -0.393205
1403638549.427830 1.671740 7.406209 0.942449 0.592642 0.577753 0.398064 -0.395629
1403638549.527829 1.646689 7.537424 0.979625 0.593923 0.576323 0.397447 -0.396413
1403638549.627830 1.621772 7.670906 1.009472 0.593129 0.574428 0.399401 -0.398383
1403638549.727829 1.599530 7.805150 1.037805 0.592612 0.574362 0.401434 -0.397202
1403638549.827830 1.577920 7.941359 1.068180 0.594318 0.573916 0.399456 -0.397293
1403638549.927830 1.556873 8.077178 1.107082 0.595133 0.574738 0.398994 -0.395342
1403638550.027829 1.537282 8.217547 1.153523 0.596119 0.574089 0.397802 -0.396003
1403638550.127830 1.518154 8.361429 1.207891 0.597030 0.573583 0.396092 -0.397076
1403638550.227829 1.501537 8.504192 1.270065 0.596866 0.574323 0.395515 -0.396827
1403638550.327830 1.484668 8.650999 1.337912 0.595976 0.575106 0.396375 -0.396172
1403638550.427830 1.470150 8.796674 1.402218 0.595505 0.574212 0.396196 -0.398350
1403638550.527829 1.456705 8.942293 1.460066 0.596771 0.572675 0.393982 -0.400856
1403638550.627830 1.445982 9.087365 1.509058 0.596030 0.569577 0.394831 -0.405511
1403638550.727829 1.438961 9.231382 1.556786 0.594839 0.566666 0.396492 -0.409696
1403638550.827830 1.436185 9.371185 1.594326 0.592561 0.563921 0.400146 -0.413215
1403638550.927830 1.437336 9.509091 1.629756 0.588055 0.559126 0.406947 -0.419481
1403638551.027829 1.439432 9.643324 1.661278 0.584965 0.555316 0.411298 -0.424587
1403638551.127830 1.444225 9.770032 1.690734 0.584093 0.552913 0.412499 -0.427747
1403638551.227829 1.453280 9.887115 1.724573 0.584520 0.550897 0.410743 -0.431438
1403638551.327830 1.468646 9.998095 1.765952 0.588940 0.549975 0.408495 -0.428730
1403638551.427830 1.487733 10.108391 1.805334 0.599446 0.543353 0.408201 -0.422852
1403638551.527829 1.515519 10.213367 1.842622 0.614077 0.530537 0.410731 -0.415620
1403638551.627830 1.548175 10.324357 1.875500 0.630507 0.512518 0.414900 -0.409444
1403638551.727829 1.590418 10.424564 1.903387 0.645684 0.494014 0.421718 -0.401493
1403638551.827830 1.641836 10.524777 1.925391 0.659066 0.476070 0.430672 -0.391805
1403638551.927830 1.700855 10.616142 1.946006 0.665804 0.465179 0.442884 -0.379693
1403638552.027829 1.766039 10.697960 1.972206 0.667566 0.458885 0.455677 -0.368969
1403638552.127830 1.835460 10.773660 2.004891 0.670579 0.455001 0.461340 -0.361197
1403638552.227829 1.907623 10.839224 2.041640 0.675515 0.452907 0.459832 -0.356524
1403638552.327830 1.982664 10.897442 2.080501 0.678173 0.451634 0.458764 -0.354462
1403638552.427830 2.062064 10.952486 2.115690 0.676613 0.446640 0.461457 -0.360229
1403638552.527829 2.144230 10.994143 2.146207 0.673026 0.441898 0.465824 -0.367110
1403638552.627830 2.231814 11.033227 2.171514 0.669502 0.440518 0.469402 -0.370638
1403638552.727829 2.322238 11.061874 2.189599 0.668686 0.442456 0.468859 -0.370490
1403638552.827830 2.415491 11.081255 2.202544 0.667462 0.445589 0.468590 -0.369281
1403638552.927830 2.510805 11.095740 2.209331 0.665993 0.451290 0.468330 -0.365318
1403638553.027829 2.608680 11.102330 2.213093 0.663659 0.457351 0.469489 -0.360510
1403638553.127830 2.706577 11.106274 2.212482 0.660689 0.459763 0.470979 -0.360953
1403638553.227829 2.805264 11.103548 2.210738 0.655552 0.456139 0.475328 -0.369124
1403638553.327830 2.904626 11.094121 2.211619 0.649669 0.454693 0.480976 -0.373960
1403638553.427830 3.003139 11.074387 2.218339 0.644426 0.457558 0.486944 -0.371808
1403638553.527829 3.099678 11.044228 2.230973 0.639943 0.460999 0.492013 -0.368613
1403638553.627830 3.192993 10.999119 2.247556 0.636953 0.463695 0.495537 -0.365679
1403638553.727829 3.283905 10.944234 2.271687 0.636579 0.465707 0.495273 -0.364127
1403638553.827830 3.371395 10.880989 2.302547 0.637936 0.467675 0.493281 -0.361927
1403638553.927830 3.449753 10.806315 2.336711 0.639791 0.468940 0.491265 -0.359753
1403638554.027829 3.533069 10.732967 2.372696 0.644403 0.468733 0.485073 -0.360191
1403638554.127830 3.603879 10.644948 2.398296 0.646198 0.470437 0.482775 -0.357835
1403638554.227829 3.684703 10.566239 2.424795 0.651298 0.476677 0.475797 -0.349580
1403638554.327830 3.751689 10.473397 2.438795 0.655833 0.481976 0.469356 -0.342472
1403638554.427830 3.827680 10.393656 2.456820 0.658269 0.485035 0.465449 -0.338792
1403638554.527829 3.895851 10.312007 2.469600 0.659043 0.486414 0.464067 -0.337201
1403638554.627830 3.960351 10.230082 2.478611 0.660835 0.484971 0.460975 -0.340005
1403638554.727829 4.021748 10.143346 2.489706 0.661691 0.481251 0.459412 -0.345692
1403638554.827830 4.084515 10.062806 2.507881 0.662507 0.478585 0.457602 -0.350202
1403638554.927830 4.147116 9.979793 2.528175 0.662762 0.476025 0.457335 -0.353542
1403638555.027829 4.211215 9.896393 2.544980 0.664514 0.471726 0.458984 -0.353878
1403638555.127830 4.279680 9.818290 2.558725 0.669127 0.466873 0.461997 -0.347645
1403638555.227829 4.347254 9.732053 2.563340 0.675959 0.458570 0.464860 -0.341612
1403638555.327830 4.418314 9.650492 2.568144 0.681221 0.451715 0.468208 -0.335667
1403638555.427830 4.491135 9.566045 2.568736 0.683423 0.448859 0.473198 -0.327937
1403638555.527829 4.562974 9.481162 2.563971 0.685506 0.445259 0.475608 -0.324996
1403638555.627830 4.634711 9.396201 2.560226 0.686543 0.443780 0.477073 -0.322675
1403638555.727829 4.706349 9.310148 2.566164 0.688044 0.442470 0.475939 -0.322953
1403638555.827830 4.776999 9.222660 2.581056 0.688380 0.443633 0.475378 -0.321465
1403638555.927830 4.847027 9.134443 2.599255 0.688070 0.445164 0.475331 -0.320076
1403638556.027829 4.919699 9.052878 2.625193 0.686899 0.446549 0.476353 -0.319142
1403638556.127830 4.988232 8.975498 2.650271 0.688925 0.447636 0.473273 -0.317832
1403638556.227829 5.062099 8.896650 2.669164 0.693503 0.448890 0.466752 -0.315744
1403638556.327830 5.132768 8.821885 2.682810 0.696127 0.449504 0.462920 -0.314736
1403638556.427830 5.207528 8.754437 2.695241 0.698111 0.450227 0.459930 -0.313689
1403638556.527829 5.281896 8.690365 2.705368 0.701684 0.451538 0.455113 -0.310845
1403638556.627830 5.357696 8.638062 2.716578 0.704841 0.447738 0.451098 -0.315024
1403638556.727829 5.436829 8.591546 2.731150 0.704479 0.441637 0.452410 -0.322477
1403638556.827830 5.521551 8.538237 2.754055 0.701643 0.437261 0.456577 -0.328691
1403638556.927830 5.610728 8.495454 2.782935 0.700363 0.433826 0.458456 -0.333323
1403638557.027829 5.706511 8.450442 2.810168 0.699110 0.433218 0.460085 -0.334498
1403638557.127830 5.809038 8.403030 2.830537 0.697338 0.435505 0.462343 -0.332106
1403638557.227829 5.912300 8.352099 2.843999 0.695971 0.436575 0.464116 -0.331094
1403638557.327830 6.020799 8.300753 2.853099 0.695075 0.437812 0.465122 -0.329929
1403638557.427830 6.131018 8.258820 2.858784 0.693094 0.440842 0.467569 -0.326586
1403638557.527829 6.244010 8.211849 2.870819 0.690341 0.445225 0.471450 -0.320840
1403638557.627830 6.354979 8.165337 2.888220 0.688151 0.447718 0.474542 -0.317501
1403638557.727829 6.463310 8.122287 2.910054 0.687505 0.448421 0.475601 -0.316321
1403638557.827830 6.571922 8.078696 2.930514 0.687255 0.449210 0.476536 -0.314332
1403638557.927830 6.678479 8.035699 2.944362 0.687537 0.450911 0.476361 -0.311533
1403638558.027829 6.784686 7.993161 2.951218 0.690203 0.451974 0.472507 -0.309961
1403638558.127830 6.888429 7.953097 2.951946 0.695280 0.452886 0.465433 -0.307980
1403638558.227829 6.996552 7.913354 2.957453 0.701481 0.454222 0.456605 -0.305152
1403638558.327830 7.104188 7.881798 2.968994 0.703177 0.456580 0.454364 -0.301046
1403638558.427830 7.213916 7.856612 2.991665 0.705560 0.460189 0.450979 -0.295007
1403638558.527829 7.323138 7.839821 3.020801 0.708744 0.461738 0.446570 -0.291643
1403638558.627830 7.436387 7.832138 3.057086 0.709979 0.457811 0.445415 -0.296554
1403638558.727829 7.551434 7.833927 3.096267 0.710525 0.449955 0.445481 -0.306989
1403638558.827830 7.667650 7.842907 3.131525 0.710033 0.445661 0.446838 -0.312370
1403638558.927830 7.790162 7.854729 3.158140 0.706906 0.445045 0.451839 -0.313147
1403638559.027829 7.914492 7.871487 3.177629 0.701794 0.444922 0.459464 -0.313723
1403638559.127830 8.039742 7.891906 3.189590 0.698017 0.444659 0.464760 -0.314722
1403638559.227829 8.164293 7.914998 3.194831 0.694742 0.446218 0.468843 -0.313703
1403638559.327830 8.288806 7.939451 3.193483 0.692388 0.448290 0.471550 -0.311891
1403638559.427830 8.410061 7.964798 3.185934 0.689742 0.451963 0.474663 -0.307702
1403638559.527829 8.527104 7.991169 3.174214 0.687856 0.453406 0.476937 -0.306281
1403638559.627830 8.641350 8.018723 3.158206 0.686151 0.453971 0.478699 -0.306518
1403638559.727829 8.752982 8.047560 3.142245 0.685237 0.454536 0.479242 -0.306877
1403638559.827830 8.861252 8.078004 3.131363 0.685798 0.454555 0.477612 -0.308134
1403638559.927830 8.965892 8.110385 3.125239 0.686885 0.451994 0.478359 -0.308323
1403638560.027829 9.073971 8.143190 3.115202 0.692736 0.442569 0.480685 -0.305273
1403638560.127830 9.180007 8.175328 3.098091 0.701759 0.426837 0.486402 -0.297921
1403638560.227829 9.283551 8.207549 3.074845 0.712389 0.407235 0.494693 -0.286253
1403638560.327830 9.384584 8.238966 3.049120 0.721465 0.384319 0.506499 -0.274311
1403638560.427830 9.485929 8.268703 3.022847 0.729569 0.359672 0.519146 -0.262397
1403638560.527829 9.584644 8.297320 2.991144 0.737694 0.334142 0.530819 -0.249777
1403638560.627830 9.678198 8.321649 2.955137 0.747998 0.306171 0.537937 -0.239546
1403638560.727829 9.766329 8.340180 2.918353 0.758189 0.278600 0.541837 -0.232261
1403638560.827830 9.851461 8.351192 2.887791 0.765521 0.255504 0.547270 -0.221792
1403638560.927830 9.936368 8.356152 2.864458 0.771188 0.232824 0.553501 -0.211418
1403638561.027829 10.018676 8.352447 2.849975 0.773596 0.213010 0.562871 -0.198374
1403638561.127830 10.095310 8.339472 2.841770 0.775947 0.193619 0.570607 -0.186619
1403638561.227829 10.170855 8.320167 2.840972 0.776995 0.178080 0.577125 -0.177464
1403638561.327830 10.241107 8.293928 2.846134 0.778517 0.168172 0.579924 -0.171224
1403638561.427830 10.306810 8.260023 2.849090 0.784604 0.168604 0.574968 -0.159312
1403638561.527829 10.368557 8.219029 2.847343 0.789097 0.173634 0.570606 -0.146922
1403638561.627830 10.427483 8.176021 2.838932 0.791855 0.177440 0.567279 -0.140269
1403638561.727829 10.482655 8.131076 2.826156 0.792687 0.179932 0.565672 -0.138878
1403638561.827830 10.534959 8.086014 2.807437 0.792161 0.181924 0.566109 -0.137497
1403638561.927830 10.584746 8.037895 2.784782 0.792111 0.180774 0.567545 -0.133323
1403638562.027829 10.631979 7.989995 2.758096 0.793469 0.173336 0.569230 -0.127823
1403638562.127830 10.675568 7.939129 2.739299 0.795427 0.163550 0.571002 -0.120431
1403638562.227829 10.713002 7.889918 2.724757 0.796727 0.155235 0.572966 -0.113306
1403638562.327830 10.754941 7.841406 2.717409 0.797879 0.145502 0.575054 -0.107387
1403638562.427830 10.790614 7.792618 2.713765 0.799256 0.131648 0.577727 -0.100452
1403638562.527829 10.825208 7.743170 2.716198 0.802176 0.113860 0.578948 -0.091480
1403638562.627830 10.857745 7.693010 2.724686 0.804130 0.091386 0.581523 -0.082788
1403638562.727829 10.886777 7.641105 2.736761 0.806528 0.066457 0.582795 -0.073798
1403638562.827830 10.912063 7.585699 2.747115 0.808121 0.040948 0.584260 -0.062478
1403638562.927830 10.930272 7.527630 2.752213 0.809417 0.016943 0.584971 -0.048639
1403638563.027829 10.946104 7.465173 2.751632 0.809492 -0.005884 0.585966 -0.036505
1403638563.127830 10.961919 7.398283 2.745028 0.809780 -0.029793 0.585228 -0.029614
1403638563.227829 10.965802 7.326849 2.736946 0.807939 -0.045638 0.587273 -0.016220
1403638563.327830 10.966454 7.252227 2.723408 0.803295 -0.056470 0.592864 -0.006309
1403638563.427830 10.960917 7.173491 2.705256 0.794628 -0.064651 0.603640 -0.002352
1403638563.527829 10.947752 7.091330 2.681888 0.792411 -0.067296 0.606262 0.001290
1403638563.627830 10.927076 7.005020 2.662025 0.795092 -0.066507 0.602811 0.004960
1403638563.727829 10.899379 6.913846 2.649158 0.797972 -0.067115 0.598941 0.002536
1403638563.827830 10.866865 6.816955 2.643371 0.799370 -0.067124 0.597076 -0.001212
1403638563.927830 10.828779 6.714736 2.646819 0.798804 -0.065942 0.597949 -0.004535
1403638564.027829 10.785976 6.606503 2.651580 0.798451 -0.063669 0.598625 -0.008399
1403638564.127830 10.735194 6.494232 2.651490 0.798321 -0.060303 0.599092 -0.011666
1403638564.227829 10.679283 6.375743 2.647275 0.797625 -0.054825 0.600536 -0.012074
1403638564.327830 10.621152 6.248466 2.645055 0.796631 -0.048302 0.602446 -0.010245
1403638564.427830 10.552812 6.121394 2.649615 0.794688 -0.044363 0.605303 -0.010565
1403638564.527829 10.479791 5.989023 2.661082 0.794749 -0.042033 0.605366 -0.011774
1403638564.627830 10.395270 5.857175 2.673482 0.796892 -0.042926 0.602386 -0.015873
1403638564.727829 10.307685 5.719587 2.683505 0.798284 -0.046188 0.600147 -0.020797
1403638564.827830 10.211844 5.577361 2.684504 0.798479 -0.049244 0.599541 -0.023581
1403638564.927830 10.114307 5.431281 2.676555 0.797665 -0.051736 0.600325 -0.025772
1403638565.027829 10.008343 5.276113 2.644732 0.797615 -0.052598 0.600258 -0.027084
1403638565.127830 9.900092 5.117191 2.603513 0.798272 -0.053262 0.599284 -0.028001
1403638565.227829 9.790079 4.950876 2.549343 0.799125 -0.052866 0.598197 -0.027646
1403638565.327830 9.675968 4.778386 2.490746 0.800028 -0.052011 0.597168 -0.025316
1403638565.427830 9.558431 4.602452 2.429932 0.800898 -0.050735 0.596204 -0.022996
1403638565.527829 9.437539 4.420543 2.372208 0.798842 -0.049064 0.599281 -0.017487
1403638565.627830 9.313419 4.235277 2.322167 0.797274 -0.045580 0.601827 -0.008989
1403638565.727829 9.185702 4.049833 2.279824 0.798385 -0.039246 0.600859 0.003175
1403638565.827830 9.052067 3.866239 2.244408 0.801344 -0.036713 0.597002 0.009439
1403638565.927830 8.912496 3.685381 2.216342 0.803706 -0.034751 0.593809 0.015469
1403638566.027829 8.770544 3.509277 2.184913 0.804863 -0.035764 0.592159 0.016276
1403638566.127830 8.626252 3.337028 2.147009 0.805008 -0.036201 0.591922 0.016737
1403638566.227829 8.479823 3.166777 2.099125 0.804684 -0.036001 0.592364 0.017093
1403638566.327830 8.334833 3.000047 2.043826 0.805709 -0.035940 0.590990 0.016459
1403638566.427830 8.189430 2.835930 1.981012 0.805589 -0.034678 0.591242 0.016033
1403638566.527829 8.045458 2.676015 1.912060 0.805917 -0.034034 0.590884 0.013979
1403638566.627830 7.902181 2.521166 1.835841 0.812532 -0.032920 0.581861 0.012055
1403638566.727829 7.762050 2.372107 1.753095 0.824820 -0.031945 0.564387 0.010924
1403638566.827830 7.628413 2.224084 1.666850 0.834495 -0.028858 0.550144 0.011277
1403638566.927830 7.500319 2.077888 1.578248 0.840674 -0.026268 0.540793 0.010959
1403638567.027829 7.378670 1.933510 1.488523 0.840489 -0.024971 0.541165 0.009781
1403638567.127830 7.270758 1.796341 1.400444 0.827900 -0.022417 0.560308 0.011560
1403638567.227829 7.167310 1.661687 1.309048 0.816599 -0.020801 0.576678 0.013256
1403638567.327830 7.062187 1.528801 1.210828 0.810949 -0.019538 0.584560 0.016443
1403638567.427830 6.957452 1.400806 1.112905 0.810479 -0.019831 0.585133 0.018710
1403638567.527829 6.851286 1.275180 1.019662 0.813015 -0.020967 0.581509 0.020342
1403638567.627830 6.743822 1.153098 0.935355 0.816868 -0.022070 0.575966 0.022416
1403638567.727829 6.640005 1.036444 0.861144 0.820046 -0.022710 0.571300 0.025005
1403638567.827830 6.540727 0.924799 0.796488 0.824069 -0.023100 0.565379 0.026910
1403638567.927830 6.449150 0.818441 0.739557 0.825617 -0.025680 0.563112 0.024557
1403638568.027829 6.362310 0.717704 0.689803 0.826292 -0.025789 0.562061 0.025764
1403638568.127830 6.279841 0.620495 0.650273 0.825449 -0.024287 0.563232 0.028523
1403638568.227829 6.203047 0.530572 0.620118 0.824774 -0.023218 0.564154 0.030643
1403638568.327830 6.129991 0.444604 0.593853 0.824948 -0.023203 0.563857 0.031442
1403638568.427830 6.058805 0.364762 0.561971 0.826206 -0.023652 0.561984 0.031600
1403638568.527829 5.993401 0.286624 0.528010 0.827003 -0.023115 0.560795 0.032263
1403638568.627830 5.930820 0.214464 0.487896 0.828638 -0.022754 0.558354 0.032901
1403638568.727829 5.873145 0.145559 0.450054 0.830018 -0.021076 0.556271 0.034465
1403638568.827830 5.818989 0.082735 0.418372 0.829982 -0.022083 0.556408 0.032432
1403638568.927830 5.769772 0.025562 0.392208 0.829940 -0.021444 0.556433 0.033482
1403638569.027829 5.726967 -0.024966 0.374873 0.829071 -0.021479 0.557724 0.033522
1403638569.127830 5.687264 -0.072255 0.366860 0.829209 -0.020288 0.557467 0.035092
1403638569.227829 5.648042 -0.117757 0.362721 0.830728 -0.019346 0.555110 0.036997
1403638569.327830 5.616664 -0.154444 0.353896 0.831441 -0.019161 0.553970 0.038145
1403638569.427830 5.588272 -0.188780 0.342647 0.830480 -0.018588 0.555369 0.039025
1403638569.527829 5.566945 -0.216033 0.323847 0.829263 -0.018299 0.557189 0.039094
1403638569.627830 5.550453 -0.237600 0.306337 0.827873 -0.018909 0.559264 0.038642
1403638569.727829 5.538951 -0.253151 0.296086 0.826981 -0.018578 0.560537 0.039442
1403638569.827830 5.530373 -0.261575 0.292773 0.826359 -0.018132 0.561470 0.039419
1403638569.927830 5.526092 -0.265291 0.294682 0.824550 -0.017463 0.564067 0.040515
1403638570.027829 5.525546 -0.263000 0.297543 0.823385 -0.018682 0.565879 0.038329
1403638570.127830 5.527246 -0.255640 0.295822 0.823554 -0.021011 0.565780 0.034793
1403638570.227829 5.530273 -0.245512 0.287928 0.823128 -0.024367 0.566606 0.028705
1403638570.327830 5.534634 -0.233920 0.274289 0.822868 -0.030693 0.567054 0.019897
1403638570.427830 5.540446 -0.221979 0.256263 0.822594 -0.040839 0.566928 0.016238
1403638570.527829 5.549629 -0.212683 0.231713 0.821457 -0.062769 0.566717 0.009967
1403638570.627830 5.553683 -0.209813 0.202220 0.817853 -0.091900 0.568011 0.005845
1403638570.727829 5.559097 -0.216752 0.169536 0.810027 -0.119432 0.573989 0.011341
1403638570.827830 5.559708 -0.233220 0.135335 0.797609 -0.146477 0.584749 0.020798
1403638570.927830 5.553710 -0.260097 0.098155 0.787857 -0.169300 0.591100 0.034926
1403638571.027829 5.540586 -0.298507 0.057148 0.781152 -0.190408 0.592487 0.050046
1403638571.127830 5.519250 -0.346620 0.013031 0.782322 -0.206346 0.583495 0.070189
1403638571.227829 5.489444 -0.402496 -0.024354 0.784764 -0.215000 0.574046 0.091605
1403638571.327830 5.453895 -0.464040 -0.051713 0.785217 -0.219740 0.568406 0.109834
1403638571.427830 5.412009 -0.528202 -0.068796 0.783071 -0.225734 0.567454 0.117644
1403638571.527829 5.364438 -0.595674 -0.078352 0.780005 -0.229043 0.569089 0.123567
1403638571.627830 5.311763 -0.665732 -0.089382 0.778680 -0.235896 0.566634 0.130143
1403638571.727829 5.255917 -0.738860 -0.105396 0.778598 -0.247516 0.560122 0.137053
1403638571.827830 5.197844 -0.814813 -0.128085 0.777149 -0.262852 0.553022 0.145306
1403638571.927830 5.135418 -0.894426 -0.148164 0.772342 -0.282059 0.548331 0.152527
1403638572.027829 5.071358 -0.978152 -0.163144 0.765837 -0.301535 0.544556 0.161338
1403638572.127830 5.004140 -1.065917 -0.169751 0.758442 -0.319509 0.541288 0.172297
1403638572.227829 4.932372 -1.156314 -0.168209 0.752879 -0.334314 0.534541 0.188871
1403638572.327830 4.859280 -1.249333 -0.165456 0.748564 -0.352122 0.524212 0.202149
1403638572.427830 4.786099 -1.346650 -0.166603 0.743736 -0.368831 0.514080 0.215737
1403638572.527829 4.713400 -1.446955 -0.169696 0.740247 -0.379399 0.505912 0.228350
1403638572.627830 4.642564 -1.550953 -0.173240 0.737007 -0.385952 0.501766 0.236837
1403638572.727829 4.573495 -1.658737 -0.172254 0.736688 -0.388505 0.496855 0.243904
1403638572.827830 4.507748 -1.770299 -0.162609 0.738825 -0.387635 0.491472 0.249663
1403638572.927830 4.446665 -1.885207 -0.145697 0.740711 -0.387051 0.488401 0.251004
1403638573.027829 4.389808 -2.002934 -0.128995 0.743173 -0.385900 0.485380 0.251358
1403638573.127830 4.337517 -2.123774 -0.118304 0.745391 -0.384303 0.483911 0.250067
1403638573.227829 4.289475 -2.246672 -0.111998 0.746317 -0.382547 0.484675 0.248515
1403638573.327830 4.247459 -2.371923 -0.105295 0.747367 -0.380491 0.485432 0.247031
1403638573.427830 4.210442 -2.498765 -0.096666 0.748445 -0.380960 0.482849 0.248105
1403638573.527829 4.180600 -2.629208 -0.081317 0.748261 -0.381049 0.481499 0.251129
1403638573.627830 4.147433 -2.766600 -0.061666 0.747868 -0.381326 0.481304 0.252250
1403638573.727829 4.124072 -2.901518 -0.033842 0.747201 -0.383244 0.478507 0.256607
1403638573.827830 4.107836 -3.038894 -0.003211 0.740070 -0.387346 0.480328 0.267477
1403638573.927830 4.097099 -3.177074 0.023011 0.727587 -0.396087 0.484128 0.281696
1403638574.027829 4.090672 -3.312475 0.042827 0.709308 -0.414375 0.491287 0.289505
1403638574.127830 4.085003 -3.444114 0.056990 0.687777 -0.437386 0.498493 0.295230
1403638574.227829 4.077294 -3.572124 0.066207 0.666666 -0.461115 0.501367 0.302590
1403638574.327830 4.065502 -3.697053 0.071164 0.651006 -0.482448 0.495197 0.313393
1403638574.427830 4.045146 -3.818866 0.072875 0.639169 -0.500822 0.483263 0.327257
1403638574.527829 4.023771 -3.937516 0.072844 0.627939 -0.517944 0.471670 0.339049
1403638574.627830 3.997763 -4.053520 0.079030 0.618377 -0.528583 0.464605 0.349787
1403638574.727829 3.969037 -4.168102 0.091973 0.615435 -0.532758 0.454234 0.362050
1403638574.827830 3.939407 -4.279546 0.111051 0.617544 -0.535564 0.442574 0.368698
1403638574.927830 3.907473 -4.388265 0.129528 0.619814 -0.540209 0.434810 0.367347
1403638575.027829 3.877399 -4.497438 0.139790 0.620665 -0.543919 0.432268 0.363415
1403638575.127830 3.845138 -4.604421 0.144769 0.618180 -0.548566 0.436092 0.356024
1403638575.227829 3.810586 -4.711402 0.146245 0.616092 -0.550352 0.440339 0.351633
1403638575.327830 3.772973 -4.820758 0.141801 0.616764 -0.550820 0.441701 0.347995
1403638575.427830 3.732639 -4.931259 0.133972 0.621917 -0.550444 0.437646 0.344523
1403638575.527829 3.689263 -5.044519 0.123519 0.626672 -0.548253 0.434766 0.343046
1403638575.627830 3.644849 -5.158913 0.116705 0.633352 -0.543782 0.428837 0.345348
1403638575.727829 3.598573 -5.281170 0.118183 0.639640 -0.539188 0.423397 0.347666
1403638575.827830 3.553531 -5.407374 0.127366 0.645540 -0.536604 0.417063 0.348416
1403638575.927830 3.512116 -5.537900 0.148551 0.647415 -0.535474 0.416403 0.347462
1403638576.027829 3.474711 -5.672425 0.179057 0.647829 -0.534198 0.417265 0.347621
1403638576.127830 3.439197 -5.811268 0.215869 0.647597 -0.533482 0.417917 0.348370
1403638576.227829 3.407512 -5.954732 0.253641 0.646720 -0.531807 0.419386 0.350785
1403638576.327830 3.378632 -6.105518 0.285019 0.647797 -0.528657 0.417726 0.355508
1403638576.427830 3.353031 -6.263195 0.309839 0.649944 -0.526548 0.414219 0.358807
1403638576.527829 3.334981 -6.417532 0.329042 0.653702 -0.522882 0.408164 0.364241
1403638576.627830 3.322669 -6.581296 0.343821 0.656515 -0.520570 0.403393 0.367789
1403638576.727829 3.320769 -6.743673 0.353681 0.655804 -0.518125 0.404714 0.371045
1403638576.827830 3.327048 -6.907657 0.358976 0.651739 -0.514698 0.411082 0.375944
1403638576.927830 3.340392 -7.067004 0.360315 0.646083 -0.514948 0.419425 0.376148
1403638577.027829 3.360095 -7.227030 0.355688 0.641328 -0.517920 0.426637 0.372074
1403638577.127830 3.383163 -7.388012 0.357518 0.637654 -0.520575 0.431691 0.368839
1403638577.227829 3.409524 -7.545159 0.366452 0.636040 -0.522373 0.433810 0.366591
1403638577.327830 3.438830 -7.700828 0.382813 0.638422 -0.519535 0.430419 0.370461
1403638577.427830 3.471043 -7.855034 0.407009 0.643079 -0.514604 0.424053 0.376578
1403638577.527829 3.508847 -8.007531 0.432912 0.643718 -0.514043 0.423399 0.376988
1403638577.627830 3.552083 -8.157704 0.453441 0.642862 -0.515976 0.424847 0.374169
1403638577.727829 3.598748 -8.303906 0.466755 0.642629 -0.517423 0.425476 0.371849
1403638577.827830 3.649794 -8.451038 0.473204 0.642377 -0.518600 0.426505 0.369458
1403638577.927830 3.704249 -8.596161 0.474505 0.642614 -0.517861 0.427095 0.369402
1403638578.027829 3.761731 -8.737350 0.477525 0.642821 -0.516412 0.427738 0.370324
1403638578.127830 3.824386 -8.881698 0.489004 0.641344 -0.517175 0.431244 0.367745
1403638578.227829 3.890466 -9.026612 0.506570 0.636265 -0.522272 0.439313 0.359727
1403638578.327830 3.956444 -9.170081 0.524746 0.632846 -0.526254 0.444301 0.353779
1403638578.427830 4.019653 -9.307008 0.539896 0.632202 -0.526716 0.444744 0.353686
1403638578.527829 4.081926 -9.449239 0.549060 0.631667 -0.527261 0.444862 0.353681
1403638578.627830 4.141386 -9.586685 0.553754 0.630790 -0.527135 0.445307 0.354872
1403638578.727829 4.199735 -9.725788 0.555579 0.632359 -0.524784 0.442721 0.358778
1403638578.827830 4.253936 -9.851184 0.552801 0.635984 -0.521133 0.437493 0.364068
1403638578.927830 4.310600 -9.981338 0.547846 0.637192 -0.518288 0.435612 0.368248
1403638579.027829 4.368664 -10.107477 0.546748 0.638298 -0.516174 0.434965 0.370062
1403638579.127830 4.428144 -10.227575 0.553802 0.638546 -0.515134 0.435473 0.370485
1403638579.227829 4.493112 -10.354527 0.569752 0.638501 -0.514870 0.436017 0.370289
1403638579.327830 4.559468 -10.472480 0.589048 0.636884 -0.516517 0.439043 0.367192
1403638579.427830 4.627487 -10.590966 0.608358 0.632276 -0.521766 0.445728 0.359602
1403638579.527829 4.693650 -10.699234 0.621913 0.629035 -0.524059 0.451459 0.354772
1403638579.627830 4.757787 -10.803553 0.630885 0.626647 -0.515953 0.462389 0.356795
1403638579.727829 4.821439 -10.910139 0.633582 0.632394 -0.499809 0.471255 0.358033
1403638579.827830 4.882061 -11.008786 0.630088 0.647781 -0.479773 0.476066 0.351511
1403638579.927830 4.942996 -11.105059 0.620253 0.668618 -0.456680 0.480401 0.337058
1403638580.027829 5.005975 -11.199949 0.607540 0.686205 -0.426895 0.493999 0.320699
1403638580.127830 5.070819 -11.287273 0.593545 0.699276 -0.390554 0.515802 0.304020
1403638580.227829 5.131585 -11.363926 0.574252 0.715160 -0.353853 0.533516 0.280526
1403638580.327830 5.191455 -11.432062 0.549683 0.732713 -0.322429 0.543896 0.251691
1403638580.427830 5.242030 -11.492132 0.518309 0.746470 -0.301912 0.550097 0.221417
1403638580.527829 5.290579 -11.549790 0.485870 0.755086 -0.287631 0.554081 0.200271
1403638580.627830 5.331413 -11.603957 0.449541 0.763377 -0.273832 0.555326 0.184077
1403638580.727829 5.369119 -11.656199 0.417934 0.774312 -0.258124 0.552064 0.170407
1403638580.827830 5.403849 -11.708328 0.396837 0.782428 -0.245251 0.548629 0.163291
1403638580.927830 5.436916 -11.759414 0.384963 0.786695 -0.237160 0.547271 0.159250
1403638581.027829 5.468424 -11.809529 0.380833 0.787844 -0.235151 0.547726 0.154926
1403638581.127830 5.502650 -11.859610 0.388598 0.788318 -0.233447 0.547452 0.156059
1403638581.227829 5.537260 -11.907117 0.402648 0.788445 -0.233103 0.546588 0.158931
1403638581.327830 5.567048 -11.953080 0.413226 0.788062 -0.233727 0.545733 0.162805
1403638581.427830 5.597426 -11.997760 0.423891 0.786190 -0.234753 0.546978 0.166167
1403638581.527829 5.627350 -12.034717 0.445862 0.784908 -0.237199 0.546927 0.168900
1403638581.627830 5.658520 -12.066476 0.475751 0.782471 -0.238534 0.548522 0.173102
1403638581.727829 5.686353 -12.096721 0.495233 0.777812 -0.238391 0.553692 0.177774
1403638581.827830 5.713974 -12.117845 0.517942 0.776050 -0.239952 0.554859 0.179725
1403638581.927830 5.739861 -12.130782 0.537316 0.769261 -0.239692 0.563205 0.183264
1403638582.027829 5.760948 -12.145987 0.542223 0.765779 -0.238892 0.567528 0.185540
1403638582.127830 5.783247 -12.159380 0.552384 0.772094 -0.241304 0.558553 0.183473
1403638582.227829 5.804641 -12.172969 0.569429 0.778135 -0.243692 0.550014 0.180566
1403638582.327830 5.827364 -12.186550 0.597780 0.776657 -0.241869 0.552215 0.182650
1403638582.427830 5.854792 -12.201992 0.635223 0.774209 -0.240370 0.555772 0.184230
1403638582.527829 5.879914 -12.209304 0.684216 0.773087 -0.239381 0.557398 0.185311
1403638582.627830 5.905451 -12.216939 0.739047 0.772963 -0.238839 0.557623 0.185850
1403638582.727829 5.928736 -12.215153 0.806739 0.775529 -0.239813 0.553909 0.185012
1403638582.827830 5.953383 -12.215441 0.874410 0.776871 -0.240720 0.551831 0.184412
1403638582.927830 5.974756 -12.206111 0.944773 0.778125 -0.241893 0.549639 0.184135
1403638583.027829 5.995228 -12.193803 1.006289 0.780838 -0.243516 0.545368 0.183210
1403638583.127830 6.015399 -12.179017 1.059603 0.782881 -0.244696 0.542081 0.182671
1403638583.227829 6.037117 -12.162645 1.105895 0.783890 -0.246152 0.540276 0.181735
1403638583.327830 6.061155 -12.146963 1.138511 0.783761 -0.245914 0.540430 0.182157
1403638583.427830 6.084591 -12.126462 1.173973 0.784074 -0.246156 0.539972 0.181840
1403638583.527829 6.110308 -12.105016 1.212373 0.784646 -0.246226 0.539212 0.181530
1403638583.627830 6.137774 -12.081131 1.259627 0.784546 -0.245653 0.539345 0.182345
1403638583.727829 6.166190 -12.053308 1.311414 0.784435 -0.244886 0.539423 0.183615
1403638583.827830 6.201947 -12.025670 1.341962 0.784261 -0.244288 0.539736 0.184239
1403638583.927830 6.236344 -11.996452 1.380452 0.783441 -0.244292 0.541005 0.183999
1403638584.027829 6.269561 -11.964574 1.413052 0.782756 -0.243496 0.541985 0.185081
1403638584.127830 6.309063 -11.930949 1.429627 0.775841 -0.240079 0.551819 0.189548
1403638584.227829 6.345175 -11.894471 1.452833 0.766198 -0.236302 0.565237 0.193930
1403638584.327830 6.377255 -11.850376 1.452476 0.760343 -0.234885 0.573168 0.195414
1403638584.427830 6.394794 -11.794081 1.437319 0.759378 -0.234730 0.574563 0.195255
1403638584.527829 6.404255 -11.731516 1.418846 0.758889 -0.234893 0.575354 0.194627
1403638584.627830 6.416119 -11.668967 1.422242 0.760105 -0.234674 0.573970 0.194233
1403638584.727829 6.427209 -11.598705 1.437683 0.763762 -0.235856 0.569348 0.192049
1403638584.827830 6.424485 -11.520324 1.430756 0.771814 -0.239019 0.558631 0.187361
1403638584.927830 6.428952 -11.441223 1.451739 0.777863 -0.243187 0.550085 0.182197
1403638585.027829 6.419350 -11.357508 1.441970 0.780556 -0.244452 0.546286 0.180412
1403638585.127830 6.406061 -11.281073 1.426217 0.780740 -0.245492 0.546039 0.178941
1403638585.227829 6.407692 -11.200297 1.427027 0.779630 -0.245691 0.547547 0.178900
1403638585.327830 6.403131 -11.124613 1.419246 0.777281 -0.244553 0.551053 0.179910
1403638585.427830 6.404746 -11.043928 1.411898 0.776724 -0.244352 0.552007 0.179668
1403638585.527829 6.400578 -10.966954 1.402696 0.777704 -0.244151 0.550687 0.179754
1403638585.627830 6.406557 -10.884806 1.406581 0.779775 -0.244320 0.547945 0.178928
1403638585.727829 6.411271 -10.802233 1.416729 0.783810 -0.245180 0.542219 0.177558
1403638585.827830 6.404795 -10.725467 1.433169 0.788417 -0.247122 0.535630 0.174442
1403638585.927830 6.402410 -10.648572 1.459682 0.790722 -0.249600 0.532139 0.171132
1403638586.027829 6.405793 -10.571443 1.494900 0.787948 -0.249930 0.536050 0.171241
1403638586.127830 6.422616 -10.495762 1.524953 0.784217 -0.249661 0.540847 0.173656
1403638586.227829 6.427878 -10.415720 1.549551 0.781771 -0.248611 0.544264 0.175510
1403638586.327830 6.444350 -10.340796 1.567250 0.778586 -0.246827 0.548511 0.178931
1403638586.427830 6.447187 -10.264165 1.581086 0.775925 -0.241871 0.551916 0.186621
1403638586.527829 6.460215 -10.182904 1.590327 0.774897 -0.237739 0.552848 0.193322
1403638586.627830 6.460306 -10.094430 1.591249 0.775340 -0.239544 0.552343 0.190747
1403638586.727829 6.472663 -10.010507 1.586986 0.775321 -0.242135 0.552429 0.187273
1403638586.827830 6.484131 -9.924712 1.576648 0.774482 -0.244117 0.553766 0.184196
1403638586.927830 6.486493 -9.835892 1.560012 0.773824 -0.243609 0.554941 0.184096
1403638587.027829 6.494715 -9.748541 1.539059 0.773656 -0.243888 0.555328 0.183264
1403638587.127830 6.495583 -9.656344 1.519966 0.773788 -0.244446 0.555167 0.182447
1403638587.227829 6.500519 -9.564698 1.509006 0.776062 -0.243916 0.552310 0.182173
1403638587.327830 6.500612 -9.472139 1.506882 0.777612 -0.244440 0.550033 0.181750
1403638587.427830 6.504732 -9.377636 1.508301 0.778232 -0.245407 0.549198 0.180308
1403638587.527829 6.505228 -9.280559 1.509890 0.777937 -0.246426 0.549582 0.179019
1403638587.627830 6.509885 -9.184537 1.506650 0.777877 -0.247685 0.549411 0.178064
1403638587.727829 6.511760 -9.087603 1.496976 0.777701 -0.247658 0.549577 0.178359
1403638587.827830 6.516725 -8.992836 1.483683 0.777225 -0.248871 0.549931 0.177652
1403638587.927830 6.521559 -8.899305 1.463670 0.776851 -0.249350 0.550351 0.177317
1403638588.027829 6.524243 -8.806059 1.441840 0.776183 -0.249395 0.551324 0.177155
1403638588.127830 6.528056 -8.715316 1.415107 0.776544 -0.247133 0.550780 0.180403
1403638588.227829 6.529100 -8.625084 1.387718 0.777479 -0.242474 0.549429 0.186711
1403638588.327830 6.532752 -8.533774 1.362005 0.778123 -0.241552 0.548696 0.187378
1403638588.427830 6.535028 -8.434026 1.348086 0.777991 -0.241457 0.548973 0.187236
1403638588.527829 6.539503 -8.335532 1.339292 0.777732 -0.242901 0.549448 0.185037
1403638588.627830 6.542816 -8.232234 1.339861 0.777071 -0.244111 0.550601 0.182781
1403638588.727829 6.544259 -8.128358 1.346123 0.775373 -0.246067 0.553002 0.180101
1403638588.827830 6.544740 -8.023238 1.355347 0.774721 -0.246835 0.553829 0.179312
1403638588.927830 6.548798 -7.921245 1.357565 0.774515 -0.248346 0.553856 0.178029
1403638589.027829 6.546404 -7.816121 1.352667 0.774476 -0.249057 0.553621 0.177935
1403638589.127830 6.542767 -7.709217 1.339726 0.774609 -0.248572 0.553180 0.179401
1403638589.227829 6.547736 -7.609810 1.325511 0.774365 -0.248596 0.553455 0.179573
1403638589.327830 6.553137 -7.509856 1.306373 0.773758 -0.248734 0.554172 0.179787
1403638589.427830 6.547850 -7.403134 1.288615 0.773797 -0.248962 0.554216 0.179167
1403638589.527829 6.547659 -7.299999 1.278249 0.774207 -0.249005 0.553689 0.178964
1403638589.627830 6.540730 -7.191888 1.273816 0.774019 -0.248787 0.553914 0.179387
1403638589.727829 6.537474 -7.090103 1.282132 0.775813 -0.249570 0.551278 0.178665
1403638589.827830 6.528864 -6.983710 1.289777 0.776625 -0.250528 0.549819 0.178293
1403638589.927830 6.524025 -6.879152 1.297161 0.777133 -0.250550 0.548697 0.179498
1403638590.027829 6.515232 -6.776579 1.294814 0.776687 -0.251981 0.548992 0.178523
1403638590.127830 6.506520 -6.674595 1.291442 0.776165 -0.252213 0.549425 0.179135
1403638590.227829 6.496743 -6.571920 1.279796 0.775308 -0.252495 0.550372 0.179537
1403638590.327830 6.487616 -6.474214 1.267666 0.775026 -0.252661 0.550720 0.179456
1403638590.427830 6.476823 -6.381626 1.249180 0.776077 -0.252868 0.549042 0.179764
1403638590.527829 6.463298 -6.288968 1.231744 0.776153 -0.253634 0.549003 0.178472
1403638590.627830 6.450839 -6.190739 1.216942 0.778197 -0.254111 0.546183 0.177541
1403638590.727829 6.436884 -6.098257 1.212983 0.779225 -0.255499 0.544817 0.175223
1403638590.827830 6.426390 -6.003849 1.215396 0.780284 -0.255257 0.543373 0.175349
1403638590.927830 6.415654 -5.911475 1.225043 0.780821 -0.255960 0.542584 0.174373
1403638591.027829 6.405267 -5.818999 1.240262 0.781571 -0.257166 0.541308 0.173202
1403638591.127830 6.394376 -5.728337 1.255005 0.784208 -0.257949 0.537342 0.172463
1403638591.227829 6.386637 -5.639615 1.262207 0.789150 -0.259678 0.529756 0.170785
1403638591.327830 6.380346 -5.553489 1.262008 0.794784 -0.262361 0.521042 0.167333
1403638591.427830 6.380324 -5.471891 1.257699 0.797948 -0.264605 0.515847 0.164818
1403638591.527829 6.386476 -5.397184 1.248661 0.800492 -0.267011 0.511586 0.161857
1403638591.627830 6.397499 -5.328135 1.233523 0.802511 -0.268522 0.508271 0.159788
1403638591.727829 6.417309 -5.270386 1.217734 0.801381 -0.269244 0.509731 0.159593
1403638591.827830 6.443345 -5.220130 1.201913 0.798977 -0.268052 0.513658 0.161057
1403638591.927830 6.474223 -5.180579 1.191353 0.796346 -0.266650 0.518071 0.162275
1403638592.027829 6.511716 -5.149922 1.189475 0.793707 -0.266018 0.522263 0.162801
1403638592.127830 6.553854 -5.130990 1.196126 0.792211 -0.264568 0.525275 0.162765
1403638592.227829 6.600070 -5.117839 1.212974 0.787596 -0.261117 0.535070 0.158775
1403638592.327830 6.648732 -5.112129 1.240256 0.782951 -0.254283 0.547086 0.151737
1403638592.427830 6.696897 -5.109047 1.274367 0.782641 -0.242510 0.555764 0.140672
1403638592.527829 6.740666 -5.107597 1.315361 0.787979 -0.227946 0.556951 0.130135
1403638592.627830 6.780204 -5.107095 1.362186 0.795476 -0.214800 0.553060 0.123302
1403638592.727829 6.819225 -5.109351 1.411900 0.802758 -0.205385 0.547340 0.117536
1403638592.827830 6.858570 -5.114788 1.457101 0.809160 -0.199918 0.541006 0.112278
1403638592.927830 6.898750 -5.122915 1.497193 0.812681 -0.195581 0.537697 0.110360
1403638593.027829 6.941867 -5.134979 1.532296 0.814113 -0.192992 0.536668 0.109369
1403638593.127830 6.989616 -5.151823 1.562988 0.814178 -0.191921 0.537040 0.108948
1403638593.227829 7.041872 -5.173063 1.599206 0.810765 -0.189927 0.542266 0.111959
1403638593.327830 7.096325 -5.196097 1.643732 0.808153 -0.185176 0.546040 0.120163
1403638593.427830 7.150930 -5.220195 1.690432 0.803556 -0.179585 0.552317 0.130355
1403638593.527829 7.206072 -5.242953 1.730913 0.799813 -0.177664 0.557053 0.135743
1403638593.627830 7.262137 -5.262480 1.764461 0.797854 -0.177436 0.559166 0.138848
1403638593.727829 7.318195 -5.278093 1.792221 0.795922 -0.177129 0.561527 0.140788
1403638593.827830 7.375632 -5.290740 1.814703 0.789598 -0.178094 0.570319 0.139836
1403638593.927830 7.428617 -5.297368 1.843511 0.780379 -0.175834 0.584862 0.134267
1403638594.027829 7.475591 -5.299906 1.874142 0.782829 -0.173045 0.584173 0.126394
1403638594.127830 7.515942 -5.299717 1.909892 0.788787 -0.170116 0.578168 0.120823
1403638594.227829 7.551317 -5.298073 1.946853 0.793640 -0.165147 0.572982 0.120637
1403638594.327830 7.584881 -5.294631 1.978455 0.793919 -0.160882 0.573747 0.120931
1403638594.427830 7.614274 -5.288434 2.015109 0.792541 -0.154526 0.576442 0.125360
1403638594.527829 7.640999 -5.277028 2.051673 0.792234 -0.153327 0.577494 0.123924
1403638594.627830 7.660761 -5.261693 2.099511 0.792747 -0.155791 0.577341 0.118150
1403638594.727829 7.678682 -5.244143 2.143865 0.793262 -0.158766 0.576575 0.114412
1403638594.827830 7.690531 -5.225225 2.186753 0.793572 -0.160490 0.575968 0.112906
1403638594.927830 7.701297 -5.204816 2.218037 0.794404 -0.161530 0.574546 0.112815
1403638595.027829 7.710958 -5.183664 2.243582 0.795920 -0.163182 0.572108 0.112138
1403638595.127830 7.713636 -5.159498 2.267636 0.796804 -0.164359 0.570557 0.112042
1403638595.227829 7.719747 -5.137851 2.280217 0.797263 -0.164718 0.569651 0.112859
1403638595.327830 7.725177 -5.115341 2.288207 0.797350 -0.164978 0.569363 0.113314
1403638595.427830 7.728945 -5.092339 2.291308 0.797182 -0.165851 0.569412 0.112984
1403638595.527829 7.731010 -5.069158 2.289814 0.797767 -0.165875 0.568575 0.113032
1403638595.627830 7.731965 -5.045510 2.289374 0.798382 -0.165190 0.567788 0.113641
1403638595.727829 7.725171 -5.017981 2.301650 0.798875 -0.162219 0.567088 0.117877
1403638595.827830 7.721892 -4.992862 2.307703 0.799691 -0.160644 0.565800 0.120656
1403638595.927830 7.719363 -4.965887 2.305741 0.799436 -0.160100 0.566045 0.121918
1403638596.027829 7.716754 -4.937429 2.290599 0.799213 -0.157452 0.566220 0.125946
1403638596.127830 7.713554 -4.905249 2.269188 0.800356 -0.150609 0.564082 0.136227
1403638596.227829 7.709730 -4.866569 2.251429 0.802356 -0.141969 0.560479 0.148097
1403638596.327830 7.706040 -4.821842 2.239812 0.803446 -0.133778 0.557972 0.158887
1403638596.427830 7.706158 -4.762931 2.243686 0.803432 -0.128291 0.557302 0.165685
1403638596.527829 7.707868 -4.694163 2.255265 0.803233 -0.122676 0.556861 0.172261
1403638596.627830 7.717013 -4.613442 2.271081 0.803725 -0.116864 0.555116 0.179483
1403638596.727829 7.729549 -4.516525 2.294470 0.804338 -0.111972 0.553176 0.185736
1403638596.827830 7.747126 -4.404245 2.329254 0.803990 -0.108554 0.552981 0.189812
1403638596.927830 7.770163 -4.274133 2.364701 0.802978 -0.106608 0.554021 0.192149
1403638597.027829 7.796199 -4.129932 2.401445 0.801970 -0.106637 0.554893 0.193817
1403638597.127830 7.827974 -3.970560 2.432019 0.800384 -0.105668 0.556425 0.196498
1403638597.227829 7.863033 -3.795748 2.455898 0.798254 -0.106963 0.559081 0.196924
1403638597.327830 7.901399 -3.604627 2.471924 0.796177 -0.110660 0.562586 0.193269
1403638597.427830 7.942838 -3.398995 2.482190 0.794118 -0.116386 0.566399 0.187143
1403638597.527829 7.985099 -3.179213 2.490392 0.789654 -0.125417 0.574477 0.175196
1403638597.627830 8.024582 -2.949400 2.492973 0.786288 -0.132798 0.580140 0.165994
1403638597.727829 8.060517 -2.712025 2.491176 0.785477 -0.133421 0.581215 0.165575
1403638597.827830 8.093975 -2.467520 2.484527 0.788109 -0.123651 0.578304 0.170757
1403638597.927830 8.125502 -2.213920 2.472334 0.790809 -0.112308 0.575716 0.174814
1403638598.027829 8.154374 -1.950154 2.460979 0.791796 -0.105787 0.576296 0.172482
1403638598.127830 8.184375 -1.674476 2.456333 0.792293 -0.109737 0.579302 0.156969
1403638598.227829 8.210523 -1.388557 2.457606 0.793270 -0.119401 0.581316 0.136155
1403638598.327830 8.234526 -1.099950 2.460415 0.795786 -0.126743 0.579517 0.121745
1403638598.427830 8.258481 -0.812297 2.457891 0.797789 -0.130305 0.577425 0.114601
1403638598.527829 8.281159 -0.525785 2.449606 0.799455 -0.130169 0.575899 0.110757
1403638598.627830 8.301191 -0.241834 2.432474 0.802717 -0.125127 0.573372 0.105986
1403638598.727829 8.320944 0.039247 2.413816 0.804594 -0.114828 0.574004 0.099812
1403638598.827830 8.338996 0.318385 2.399208 0.805795 -0.102114 0.576194 0.090923
1403638598.927830 8.354237 0.593491 2.389457 0.808384 -0.086525 0.576520 0.081575
1403638599.027829 8.367638 0.866649 2.382844 0.810253 -0.070827 0.577692 0.068892
1403638599.127830 8.380634 1.137674 2.383438 0.811522 -0.052610 0.579050 0.058008
1403638599.227829 8.389347 1.406345 2.388084 0.813137 -0.034053 0.579215 0.046460
1403638599.327830 8.395520 1.674319 2.399247 0.815234 -0.015969 0.577956 0.033249
1403638599.427830 8.399019 1.940009 2.417283 0.818149 0.000473 0.574510 0.023906
1403638599.527829 8.401190 2.204873 2.437451 0.820360 0.011602 0.571479 0.016947
1403638599.627830 8.402407 2.468899 2.451442 0.822030 0.016923 0.569086 0.011057
1403638599.727829 8.401907 2.729736 2.456249 0.823228 0.020173 0.567284 0.008831
1403638599.827830 8.405041 2.991349 2.452814 0.823860 0.019310 0.566411 0.007795
1403638599.927830 8.410033 3.248354 2.445177 0.825078 0.015558 0.564783 0.004962
1403638600.027829 8.419668 3.508767 2.432232 0.824444 0.008915 0.565873 0.000108
1403638600.127830 8.432650 3.760389 2.416523 0.826508 -0.000537 0.562865 -0.008185
1403638600.227829 8.448536 4.007419 2.397325 0.829269 -0.012249 0.558355 -0.020071
1403638600.327830 8.466418 4.243700 2.373953 0.830933 -0.021844 0.555190 -0.028938
1403638600.427830 8.487960 4.468799 2.353284 0.832127 -0.030186 0.552538 -0.036811
1403638600.527829 8.514166 4.677294 2.341857 0.832829 -0.032991 0.551233 -0.038066
1403638600.627830 8.546051 4.872537 2.340374 0.834164 -0.034345 0.549155 -0.037684
1403638600.727829 8.581237 5.054471 2.345203 0.836307 -0.035560 0.545769 -0.038235
1403638600.827830 8.622262 5.220826 2.355400 0.840262 -0.032428 0.540093 -0.034753
1403638600.927830 8.671044 5.378800 2.368226 0.843477 -0.020101 0.536451 -0.019069
1403638601.027829 8.727130 5.524381 2.376815 0.844383 -0.008976 0.535636 -0.005567
1403638601.127830 8.792223 5.663436 2.380217 0.843235 -0.003276 0.537534 0.001052
1403638601.227829 8.865129 5.798802 2.378688 0.840300 0.004015 0.542018 0.009799
1403638601.327830 8.943863 5.933957 2.374543 0.832941 0.010577 0.553026 0.016133
1403638601.427830 9.026837 6.072374 2.371029 0.828572 0.013078 0.559701 0.005699
1403638601.527829 9.111782 6.212776 2.374357 0.824387 0.022668 0.565541 -0.006033
1403638601.627830 9.196587 6.352936 2.384263 0.821094 0.039672 0.569155 -0.017143
1403638601.727829 9.281139 6.492504 2.400144 0.818579 0.062737 0.570205 -0.029301
1403638601.827830 9.363242 6.630877 2.424119 0.814286 0.090486 0.571761 -0.042882
1403638601.927830 9.443009 6.772895 2.453662 0.809794 0.118120 0.571866 -0.057011
1403638602.027829 9.518906 6.913650 2.480764 0.807445 0.138323 0.569195 -0.070113
1403638602.127830 9.592647 7.056311 2.500722 0.804395 0.153698 0.568496 -0.078349
1403638602.227829 9.660359 7.199733 2.514877 0.798083 0.170517 0.571789 -0.083936
1403638602.327830 9.724117 7.348134 2.525589 0.789497 0.186634 0.576535 -0.097310
1403638602.427830 9.780504 7.499268 2.542345 0.773712 0.194392 0.588922 -0.129432
1403638602.527829 9.827936 7.647914 2.568652 0.750112 0.199632 0.608484 -0.165007
1403638602.627830 9.861695 7.785484 2.602262 0.733128 0.207720 0.617776 -0.194238
1403638602.727829 9.879460 7.906031 2.639442 0.726912 0.224618 0.614256 -0.209368
1403638602.827830 9.881068 8.009543 2.682490 0.723163 0.245827 0.607663 -0.217600
1403638602.927830 9.866808 8.096695 2.728751 0.721547 0.263925 0.596665 -0.231741
1403638603.027829 9.841940 8.170892 2.774395 0.720174 0.277542 0.583094 -0.253617
1403638603.127830 9.810371 8.230489 2.814807 0.712365 0.291555 0.578239 -0.270503
1403638603.227829 9.771544 8.275201 2.847345 0.711762 0.307508 0.568494 -0.275042
1403638603.327830 9.726984 8.306625 2.867676 0.723690 0.324213 0.546639 -0.268969
1403638603.427830 9.679976 8.326840 2.879272 0.734536 0.335414 0.527818 -0.263366
1403638603.527829 9.634533 8.348999 2.891199 0.738216 0.340567 0.520355 -0.261309
1403638603.627830 9.590240 8.370256 2.899388 0.732274 0.342693 0.525200 -0.265520
1403638603.727829 9.545454 8.387557 2.901560 0.724014 0.347460 0.535018 -0.262355
1403638603.827830 9.495608 8.398429 2.896377 0.716141 0.352708 0.545210 -0.255903
1403638603.927830 9.441964 8.400598 2.881307 0.708834 0.357371 0.554744 -0.249197
1403638604.027829 9.376461 8.404448 2.862679 0.703871 0.359754 0.562004 -0.243505
1403638604.127830 9.301164 8.405975 2.843062 0.700899 0.361253 0.566370 -0.239713
1403638604.227829 9.217447 8.401888 2.830105 0.702260 0.359769 0.564270 -0.242893
1403638604.327830 9.121536 8.394252 2.825300 0.708755 0.355769 0.555673 -0.249645
1403638604.427830 9.018413 8.381406 2.825607 0.716884 0.354482 0.544918 -0.251961
1403638604.527829 8.910639 8.363586 2.834260 0.724145 0.356547 0.535172 -0.249157
1403638604.627830 8.800260 8.344181 2.842148 0.727252 0.357415 0.530783 -0.248251
1403638604.727829 8.688855 8.324547 2.843919 0.729880 0.354744 0.526991 -0.252415
1403638604.827830 8.577230 8.302459 2.842681 0.732165 0.352432 0.523732 -0.255794
1403638604.927830 8.466880 8.277860 2.843118 0.736251 0.353518 0.517933 -0.254370
1403638605.027829 8.358556 8.252476 2.848498 0.743416 0.355615 0.507503 -0.251616
1403638605.127830 8.252331 8.226872 2.862383 0.748782 0.357602 0.499509 -0.248872
1403638605.227829 8.152093 8.203071 2.882593 0.750570 0.359782 0.496694 -0.245962
1403638605.327830 8.056845 8.186119 2.900143 0.749511 0.363125 0.498162 -0.241264
1403638605.427830 7.964862 8.175812 2.913779 0.741875 0.368206 0.509017 -0.234407
1403638605.527829 7.873186 8.168786 2.920321 0.731643 0.372729 0.523113 -0.228308
1403638605.627830 7.778590 8.165689 2.920930 0.724199 0.377177 0.532870 -0.222086
1403638605.727829 7.678655 8.167333 2.920196 0.720913 0.379281 0.536993 -0.219245
1403638605.827830 7.572632 8.173148 2.929404 0.721462 0.380117 0.536263 -0.217775
1403638605.927830 7.460261 8.187350 2.943507 0.720913 0.381637 0.537097 -0.214860
1403638606.027829 7.343093 8.206345 2.963906 0.720218 0.383337 0.538421 -0.210810
1403638606.127830 7.218355 8.232051 2.975392 0.720303 0.384215 0.538810 -0.207907
1403638606.227829 7.085883 8.261627 2.984191 0.720486 0.385635 0.538751 -0.204774
1403638606.327830 6.946872 8.297461 2.980877 0.724396 0.383743 0.534344 -0.206076
1403638606.427830 6.800892 8.338223 2.974130 0.734646 0.377910 0.521611 -0.213074
1403638606.527829 6.652842 8.384741 2.958852 0.745163 0.371085 0.507787 -0.221766
1403638606.627830 6.505039 8.436159 2.939377 0.751172 0.369782 0.497290 -0.227387
1403638606.727829 6.364139 8.495387 2.914829 0.752587 0.376353 0.488231 -0.231520
1403638606.827830 6.226270 8.560796 2.886988 0.750035 0.387545 0.480119 -0.238204
1403638606.927830 6.093345 8.634130 2.861745 0.744027 0.401914 0.472643 -0.247986
1403638607.027829 5.968202 8.715955 2.843006 0.735827 0.416888 0.465243 -0.261364
1403638607.127830 5.850934 8.802757 2.833956 0.728262 0.426523 0.458558 -0.278277
1403638607.227829 5.741772 8.896424 2.830790 0.715578 0.432790 0.463587 -0.292793
1403638607.327830 5.638970 8.992765 2.822501 0.703771 0.434913 0.471277 -0.305706
1403638607.427830 5.541576 9.090172 2.805181 0.697180 0.435584 0.474339 -0.314974
1403638607.527829 5.448081 9.187062 2.778493 0.696272 0.436174 0.472244 -0.319287
1403638607.627830 5.360013 9.280559 2.746846 0.695028 0.437437 0.472117 -0.320454
1403638607.727829 5.276488 9.372292 2.712705 0.692660 0.437819 0.475483 -0.320082
1403638607.827830 5.197184 9.461813 2.674981 0.693301 0.437474 0.475372 -0.319332
1403638607.927830 5.121213 9.547772 2.634632 0.697523 0.434054 0.470710 -0.321701
1403638608.027829 5.050676 9.633614 2.588617 0.699253 0.430424 0.469988 -0.323870
1403638608.127830 4.986079 9.717643 2.538581 0.696658 0.429427 0.475840 -0.322235
1403638608.227829 4.925426 9.796620 2.484412 0.692672 0.429994 0.483477 -0.318686
1403638608.327830 4.867218 9.872617 2.425294 0.687713 0.428490 0.491865 -0.318614
1403638608.427830 4.809119 9.943951 2.362773 0.684152 0.427698 0.497155 -0.319136
1403638608.527829 4.752591 10.010877 2.293594 0.686039 0.428409 0.494995 -0.317484
1403638608.627830 4.694798 10.075178 2.222483 0.685277 0.426041 0.496735 -0.319593
1403638608.727829 4.638759 10.132363 2.156453 0.682488 0.423831 0.499925 -0.323499
1403638608.827830 4.582451 10.179833 2.093601 0.685183 0.425201 0.496088 -0.321908
1403638608.927830 4.526733 10.224863 2.038194 0.689111 0.426566 0.490504 -0.320270
1403638609.027829 4.471836 10.263818 1.988878 0.692810 0.426734 0.484953 -0.320519
1403638609.127830 4.420008 10.298739 1.947220 0.694303 0.427473 0.482866 -0.319454
1403638609.227829 4.370281 10.328611 1.909234 0.694286 0.422607 0.482572 -0.326334
1403638609.327830 4.323695 10.353751 1.867872 0.694684 0.419598 0.482005 -0.330187
1403638609.427830 4.281823 10.374396 1.818137 0.694606 0.421568 0.482470 -0.327149
1403638609.527829 4.241632 10.391172 1.762486 0.694685 0.423713 0.482995 -0.323413
1403638609.627830 4.205033 10.407466 1.700183 0.694699 0.424660 0.483440 -0.321471
1403638609.727829 4.170367 10.418892 1.634163 0.693533 0.426853 0.485175 -0.318455
1403638609.827830 4.137012 10.436400 1.570792 0.694583 0.426571 0.483671 -0.318832
1403638609.927830 4.107200 10.443572 1.517534 0.694181 0.426336 0.484322 -0.319035
1403638610.027829 4.083633 10.451364 1.471877 0.693011 0.424777 0.485808 -0.321389
1403638610.127830 4.059203 10.452489 1.434137 0.690153 0.422499 0.489789 -0.324484
1403638610.227829 4.036936 10.449509 1.396064 0.687378 0.421515 0.493652 -0.325798
1403638610.327830 4.015695 10.441865 1.351649 0.686486 0.420285 0.495134 -0.327017
1403638610.427830 3.997204 10.431411 1.300968 0.686133 0.419032 0.495807 -0.328342
1403638610.527829 3.976750 10.413924 1.245575 0.683185 0.418952 0.500227 -0.327888
1403638610.627830 3.956639 10.389549 1.188147 0.676009 0.414971 0.509578 -0.333378
1403638610.727829 3.933971 10.356915 1.131070 0.676706 0.415239 0.508276 -0.333616
1403638610.827830 3.909967 10.318701 1.078690 0.684046 0.418628 0.497639 -0.330435
1403638610.927830 3.889140 10.274677 1.036437 0.687009 0.421167 0.492449 -0.328832
1403638611.027829 3.870957 10.225703 0.999204 0.686009 0.419371 0.493538 -0.331570
1403638611.127830 3.850012 10.175173 0.949239 0.683351 0.418304 0.496473 -0.334018
1403638611.227829 3.831908 10.116177 0.900495 0.682800 0.419269 0.496560 -0.333807
1403638611.327830 3.814849 10.048940 0.856498 0.682141 0.421618 0.497284 -0.331106
1403638611.427830 3.797178 9.975001 0.818036 0.677532 0.428746 0.504463 -0.320381
1403638611.527829 3.775044 9.899441 0.783904 0.674703 0.435642 0.509069 -0.309583
1403638611.627830 3.750636 9.820354 0.759294 0.676621 0.438210 0.507434 -0.304410
1403638611.727829 3.715824 9.736674 0.731102 0.680752 0.436331 0.502343 -0.306338
1403638611.827830 3.682001 9.653254 0.702767 0.686576 0.431269 0.494767 -0.312772
1403638611.927830 3.648942 9.570650 0.669717 0.691348 0.427733 0.488788 -0.316493
1403638612.027829 3.616753 9.486838 0.637520 0.694035 0.426064 0.485325 -0.318190
1403638612.127830 3.586955 9.404528 0.608167 0.695918 0.424457 0.483093 -0.319618
1403638612.227829 3.559247 9.320855 0.589152 0.696453 0.424591 0.482731 -0.318819
1403638612.327830 3.535525 9.238658 0.574682 0.696100 0.424878 0.483350 -0.318271
1403638612.427830 3.514718 9.154984 0.563356 0.695070 0.424644 0.485560 -0.317470
1403638612.527829 3.494215 9.069977 0.545107 0.693052 0.424551 0.489821 -0.315453
1403638612.627830 3.475434 8.985173 0.521378 0.691388 0.426424 0.493605 -0.310644
1403638612.727829 3.449709 8.895250 0.486898 0.689613 0.427408 0.497893 -0.306364
1403638612.827830 3.427001 8.809884 0.451615 0.688675 0.425787 0.501186 -0.305359
1403638612.927830 3.398347 8.722768 0.417521 0.688273 0.423249 0.503334 -0.306261
1403638613.027829 3.369493 8.635134 0.390728 0.690730 0.422245 0.500874 -0.306146
1403638613.127830 3.337672 8.547368 0.372997 0.692238 0.421354 0.499402 -0.306375
1403638613.227829 3.303162 8.460358 0.358973 0.694000 0.420968 0.497307 -0.306326
1403638613.327830 3.270066 8.372922 0.355098 0.694579 0.421491 0.496663 -0.305337
1403638613.427830 3.233161 8.282985 0.352983 0.693875 0.421944 0.497697 -0.304629
1403638613.527829 3.196139 8.192758 0.346261 0.693758 0.418466 0.500112 -0.305735
1403638613.627830 3.159510 8.105637 0.334525 0.695338 0.412260 0.501936 -0.307582
1403638613.727829 3.119937 8.012334 0.315772 0.694307 0.405613 0.506314 -0.311546
1403638613.827830 3.081014 7.921293 0.288806 0.694803 0.398236 0.511606 -0.311313
1403638613.927830 3.041148 7.823320 0.256254 0.698957 0.389423 0.515922 -0.305996
1403638614.027829 3.002052 7.722469 0.219248 0.706057 0.378672 0.520399 -0.295424
1403638614.127830 2.961964 7.617973 0.179362 0.715515 0.365644 0.523980 -0.282468
1403638614.227829 2.919895 7.508906 0.142538 0.725451 0.352309 0.526568 -0.268934
1403638614.327830 2.875224 7.395680 0.110137 0.733320 0.341009 0.528030 -0.259111
1403638614.427830 2.829066 7.281437 0.085541 0.739109 0.331300 0.528666 -0.253911
1403638614.527829 2.781898 7.167561 0.070348 0.743556 0.323115 0.528898 -0.250975
1403638614.627830 2.734908 7.053880 0.062596 0.748058 0.313016 0.530303 -0.247405
1403638614.727829 2.691853 6.942433 0.066623 0.755578 0.298733 0.528997 -0.244993
1403638614.827830 2.652705 6.831335 0.081904 0.766255 0.281658 0.525347 -0.239860
1403638614.927830 2.615891 6.711349 0.098234 0.776503 0.263985 0.524189 -0.229304
1403638615.027829 2.592116 6.602861 0.133107 0.785617 0.243323 0.526795 -0.214678
1403638615.127830 2.571140 6.484297 0.165777 0.792012 0.221949 0.534551 -0.194194
1403638615.227829 2.555609 6.364456 0.204680 0.794000 0.200898 0.548020 -0.169936
1403638615.327830 2.542253 6.242538 0.242881 0.796964 0.176775 0.558342 -0.147830
1403638615.427830 2.529907 6.121712 0.275847 0.800365 0.150842 0.566144 -0.127059
1403638615.527829 2.517328 6.001872 0.301609 0.804248 0.125359 0.570887 -0.107507
1403638615.627830 2.503982 5.882954 0.321455 0.806666 0.104304 0.574360 -0.092308
1403638615.727829 2.490059 5.765308 0.341270 0.808491 0.089525 0.575815 -0.082245
1403638615.827830 2.475459 5.648763 0.368953 0.809717 0.078659 0.576607 -0.075466
1403638615.927830 2.458928 5.532322 0.400624 0.810715 0.066037 0.577440 -0.070307
1403638616.027829 2.440625 5.415187 0.426385 0.812301 0.054148 0.577379 -0.062192
1403638616.127830 2.420433 5.297465 0.442633 0.813216 0.041492 0.578109 -0.052413
1403638616.227829 2.399025 5.179011 0.443112 0.814613 0.025048 0.577893 -0.042649
1403638616.327830 2.376186 5.059149 0.427487 0.815512 0.006006 0.577921 -0.030195
1403638616.427830 2.353716 4.939848 0.400580 0.816114 -0.012961 0.577487 -0.017257
1403638616.527829 2.329395 4.818873 0.369040 0.816848 -0.028555 0.576092 -0.007845
1403638616.627830 2.306038 4.696929 0.335174 0.819777 -0.039499 0.571319 -0.000004
1403638616.727829 2.283400 4.573810 0.296923 0.826943 -0.049091 0.560137 0.001574
1403638616.827830 2.264045 4.452452 0.255168 0.834472 -0.058311 0.547947 -0.003206
1403638616.927830 2.257160 4.330637 0.216343 0.836639 -0.061163 0.544318 -0.003474
1403638617.027829 2.252872 4.201972 0.189092 0.833415 -0.056314 0.549758 0.003616
1403638617.127830 2.256232 4.073456 0.169469 0.829592 -0.049589 0.556060 0.010743
1403638617.227829 2.262097 3.943225 0.157367 0.829450 -0.044000 0.556662 0.014281
1403638617.327830 2.271715 3.814325 0.151945 0.832694 -0.041171 0.552033 0.013624
1403638617.427830 2.284966 3.681957 0.148659 0.836837 -0.037485 0.545984 0.014152
1403638617.527829 2.304698 3.556388 0.157272 0.838638 -0.034298 0.543427 0.014011
1403638617.627830 2.330047 3.430238 0.173277 0.838177 -0.031464 0.544312 0.013928
1403638617.727829 2.364914 3.311218 0.199011 0.836483 -0.027291 0.547088 0.015720
1403638617.827830 2.405041 3.197442 0.231775 0.836381 -0.024667 0.547358 0.016066
1403638617.927830 2.450287 3.088702 0.271666 0.835216 -0.023665 0.549216 0.014689
1403638618.027829 2.500300 2.980667 0.309533 0.834766 -0.022528 0.549973 0.013686
1403638618.127830 2.553267 2.875359 0.341449 0.834871 -0.022074 0.549878 0.011685
1403638618.227829 2.611356 2.772320 0.366693 0.834640 -0.020943 0.550285 0.011151
1403638618.327830 2.672039 2.673594 0.387288 0.833967 -0.019455 0.551350 0.011538
1403638618.427830 2.736124 2.576526 0.404343 0.833872 -0.018429 0.551532 0.011380
1403638618.527829 2.804028 2.483795 0.420350 0.833338 -0.017305 0.552386 0.010814
1403638618.627830 2.875394 2.391252 0.433265 0.832975 -0.019182 0.552813 0.013494
1403638618.727829 2.950642 2.303722 0.447735 0.832734 -0.021474 0.552974 0.017688
1403638618.827830 3.029940 2.219403 0.467043 0.831546 -0.025470 0.554545 0.019020
1403638618.927830 3.112530 2.138714 0.491365 0.828881 -0.030813 0.558066 0.023868
1403638619.027829 3.197921 2.059214 0.512078 0.824404 -0.042100 0.563493 0.032580
1403638619.127830 3.282442 1.982944 0.524794 0.820714 -0.057955 0.566478 0.046617
1403638619.227829 3.367791 1.909039 0.530653 0.816986 -0.079672 0.567924 0.060404
1403638619.327830 3.452647 1.838107 0.528869 0.813228 -0.104568 0.567417 0.075920
1403638619.427830 3.536134 1.770385 0.519585 0.808509 -0.127976 0.567423 0.089255
1403638619.527829 3.619740 1.705748 0.504808 0.804396 -0.146293 0.567496 0.097439
1403638619.627830 3.704268 1.645560 0.495156 0.801331 -0.161887 0.567077 0.100421
1403638619.727829 3.786737 1.584517 0.479186 0.798564 -0.176746 0.567485 0.094958
1403638619.827830 3.866646 1.521078 0.461586 0.795678 -0.185704 0.569057 0.092654
1403638619.927830 3.941936 1.456217 0.439043 0.794102 -0.190723 0.569506 0.093220
1403638620.027829 4.012819 1.387357 0.419157 0.792835 -0.192720 0.570156 0.095885
1403638620.127830 4.077817 1.315410 0.400053 0.790044 -0.192791 0.573408 0.099326
1403638620.227829 4.136182 1.240826 0.391923 0.787781 -0.192251 0.576203 0.102134
1403638620.327830 4.189568 1.164147 0.387661 0.789479 -0.189783 0.573965 0.106159
1403638620.427830 4.230534 1.089413 0.392716 0.790536 -0.188116 0.572803 0.107523
1403638620.527829 4.270611 1.011775 0.398754 0.791809 -0.185950 0.571637 0.108129
1403638620.627830 4.304853 0.934278 0.402106 0.793960 -0.185219 0.569240 0.106248
1403638620.727829 4.338918 0.855129 0.398657 0.797142 -0.185878 0.565273 0.102373
1403638620.827830 4.369187 0.775875 0.389867 0.800172 -0.184456 0.561680 0.101076
1403638620.927830 4.394902 0.696273 0.378842 0.802066 -0.178468 0.559980 0.106117
1403638621.027829 4.424771 0.614062 0.364076 0.801324 -0.172612 0.561965 0.110814
1403638621.127830 4.452155 0.531527 0.350795 0.800248 -0.169548 0.564309 0.111409
1403638621.227829 4.480704 0.451331 0.344461 0.798718 -0.167186 0.567238 0.111079
1403638621.327830 4.503077 0.376024 0.344618 0.799211 -0.164111 0.567133 0.112649
1403638621.427830 4.526677 0.302372 0.344486 0.798015 -0.162051 0.569418 0.112579
1403638621.527829 4.549435 0.231182 0.338211 0.796000 -0.159630 0.572724 0.113530
1403638621.627830 4.567371 0.167249 0.329007 0.794375 -0.158099 0.575405 0.113501
1403638621.727829 4.585861 0.103096 0.313085 0.793522 -0.157059 0.576814 0.113757
1403638621.827830 4.599022 0.046674 0.294575 0.791277 -0.155321 0.580052 0.115307
1403638621.927830 4.609180 -0.009957 0.272588 0.787845 -0.153744 0.584834 0.116754
1403638622.027829 4.614572 -0.059713 0.247514 0.786295 -0.153856 0.587032 0.116027
1403638622.127830 4.614433 -0.098950 0.219856 0.786950 -0.155979 0.586063 0.113621
1403638622.227829 4.610802 -0.141338 0.190621 0.787250 -0.157753 0.585642 0.111248
1403638622.327830 4.601811 -0.179467 0.167758 0.787204 -0.159791 0.585566 0.109041
1403638622.427830 4.586907 -0.214611 0.154120 0.788065 -0.159229 0.584088 0.111540
1403638622.527829 4.564330 -0.239004 0.151282 0.788127 -0.158069 0.583710 0.114684
1403638622.627830 4.540814 -0.270255 0.151174 0.786591 -0.155574 0.585452 0.119655
1403638622.727829 4.510233 -0.288685 0.165985 0.778637 -0.153918 0.595716 0.123106
1403638622.827830 4.476815 -0.310080 0.183618 0.768980 -0.153396 0.607858 0.125092
1403638622.927830 4.436071 -0.319764 0.205482 0.769062 -0.154605 0.607522 0.124730
1403638623.027829 4.385982 -0.326342 0.221493 0.775214 -0.157639 0.599409 0.122071
1403638623.127830 4.327533 -0.327181 0.231431 0.780898 -0.161299 0.591811 0.118071
1403638623.227829 4.261374 -0.322270 0.236718 0.783929 -0.164247 0.587756 0.114105
1403638623.327830 4.191738 -0.320453 0.236787 0.787396 -0.166045 0.583094 0.111523
1403638623.427830 4.118658 -0.317798 0.232496 0.790146 -0.166165 0.579310 0.111615
1403638623.527829 4.042187 -0.307891 0.226824 0.790642 -0.167091 0.578595 0.110422
1403638623.627830 3.963112 -0.302088 0.226580 0.790047 -0.165834 0.579218 0.113277
1403638623.727829 3.879529 -0.295302 0.233408 0.790745 -0.165478 0.578026 0.115000
1403638623.827830 3.792209 -0.287135 0.245654 0.791598 -0.165215 0.576597 0.116676
1403638623.927830 3.701012 -0.277102 0.261929 0.793316 -0.165896 0.573710 0.118259
1403638624.027829 3.607203 -0.266044 0.272427 0.793975 -0.167065 0.572418 0.118448
1403638624.127830 3.512733 -0.252947 0.278585 0.794410 -0.169958 0.571417 0.116231
1403638624.227829 3.418712 -0.240001 0.281400 0.794345 -0.172869 0.571133 0.113749
1403638624.327830 3.321371 -0.226137 0.277540 0.793585 -0.174858 0.571796 0.112681
1403638624.427830 3.224658 -0.212684 0.270215 0.793320 -0.176186 0.571767 0.112626
1403638624.527829 3.130387 -0.201161 0.263277 0.790197 -0.178494 0.575571 0.111561
1403638624.627830 3.029194 -0.188674 0.247970 0.780460 -0.180862 0.588437 0.109146
1403638624.727829 2.925071 -0.177052 0.233286 0.782978 -0.174116 0.586308 0.113455
1403638624.827830 2.822498 -0.166587 0.229234 0.790110 -0.164539 0.578858 0.116514
1403638624.927830 2.712626 -0.150131 0.229368 0.794622 -0.159186 0.574698 0.113830
1403638625.027829 2.610363 -0.137747 0.236372 0.796264 -0.157456 0.574304 0.106513
1403638625.127830 2.500611 -0.120999 0.238274 0.797284 -0.158036 0.574200 0.098270
1403638625.227829 2.401884 -0.110363 0.237892 0.798534 -0.157149 0.573403 0.094112
1403638625.327830 2.291870 -0.096022 0.232916 0.798853 -0.155697 0.573567 0.092809
1403638625.427830 2.191661 -0.088241 0.231765 0.798777 -0.154463 0.574088 0.092303
1403638625.527829 2.082358 -0.076518 0.234655 0.798589 -0.153972 0.574487 0.092266
1403638625.627830 1.974000 -0.067337 0.244900 0.800067 -0.153769 0.572399 0.092770
1403638625.727829 1.871691 -0.062097 0.261384 0.803026 -0.154546 0.568217 0.091618
1403638625.827830 1.764169 -0.054178 0.273911 0.807356 -0.155606 0.561881 0.090842
1403638625.927830 1.659376 -0.050685 0.284587 0.808369 -0.155362 0.560299 0.092018
1403638626.027829 1.555391 -0.047949 0.288055 0.809091 -0.156388 0.558985 0.091928
1403638626.127830 1.454853 -0.046489 0.286477 0.809488 -0.158304 0.558147 0.090226
1403638626.227829 1.358147 -0.046990 0.278999 0.809347 -0.157695 0.558263 0.091827
1403638626.327830 1.262838 -0.049602 0.269255 0.807459 -0.153815 0.560990 0.098193
1403638626.427830 1.170389 -0.051900 0.256520 0.805340 -0.149677 0.564127 0.103852
1403638626.527829 1.077028 -0.052476 0.239175 0.806615 -0.148297 0.562404 0.105273
1403638626.627830 0.987813 -0.053614 0.223647 0.808691 -0.149062 0.559447 0.104013
1403638626.727829 0.901625 -0.053635 0.210072 0.811518 -0.149811 0.555464 0.102247
1403638626.827830 0.818984 -0.053143 0.201873 0.814712 -0.150773 0.550835 0.100463
1403638626.927830 0.742744 -0.053253 0.203157 0.816980 -0.150297 0.547603 0.100427
1403638627.027829 0.672633 -0.053316 0.205657 0.817048 -0.150103 0.547674 0.099774
1403638627.127830 0.607292 -0.054074 0.205837 0.816836 -0.149933 0.548173 0.099022
1403638627.227829 0.546733 -0.055915 0.200959 0.816731 -0.149726 0.548497 0.098404
1403638627.327830 0.491340 -0.057959 0.195392 0.816796 -0.147466 0.548539 0.101013
1403638627.427830 0.442483 -0.059783 0.179269 0.816709 -0.146412 0.548728 0.102211
1403638627.527829 0.399389 -0.062441 0.168083 0.816375 -0.146696 0.549206 0.101906
1403638627.627830 0.362977 -0.064468 0.154434 0.814352 -0.145182 0.551987 0.105183
1403638627.727829 0.330640 -0.066218 0.139414 0.811315 -0.144919 0.556332 0.106122
1403638627.827830 0.307469 -0.063006 0.118707 0.810013 -0.144683 0.558031 0.107457
1403638627.927830 0.279797 -0.062937 0.103344 0.811176 -0.144652 0.556204 0.108197
1403638628.027829 0.253267 -0.061170 0.088756 0.812751 -0.144591 0.553688 0.109354
1403638628.127830 0.228487 -0.056584 0.075521 0.813701 -0.145132 0.552040 0.109902
1403638628.227829 0.207751 -0.050658 0.063430 0.813804 -0.145856 0.551627 0.110258
1403638628.327830 0.190714 -0.042137 0.053474 0.814450 -0.147010 0.550438 0.109896
1403638628.427830 0.176352 -0.033399 0.046417 0.814087 -0.149063 0.550929 0.107331
1403638628.527829 0.185578 -0.023696 0.037858 0.808196 -0.155412 0.559317 0.099148
1403638628.627830 0.180973 -0.015207 0.036348 0.801374 -0.160045 0.568814 0.092930
1403638628.727829 0.183976 -0.004125 0.031562 0.800937 -0.161843 0.569294 0.090614
1403638628.827830 0.190087 0.001572 0.031752 0.802506 -0.159919 0.567022 0.094315
1403638628.927830 0.183628 0.004233 0.021024 0.802580 -0.157501 0.566844 0.098722
1403638629.027829 0.172764 0.007396 0.010387 0.803596 -0.154071 0.565458 0.103694
1403638629.127830 0.164626 0.007581 0.001363 0.804927 -0.151265 0.563685 0.107100
1403638629.227829 0.155173 0.011567 -0.005132 0.805937 -0.149768 0.562318 0.108783
1403638629.327830 0.144918 0.017103 -0.009709 0.806716 -0.149079 0.561125 0.110110
1403638629.427830 0.136924 0.024789 -0.011805 0.810776 -0.150047 0.555074 0.109645
1403638629.527829 0.135875 0.031866 -0.012151 0.815391 -0.152634 0.548112 0.106838
1403638629.627830 0.139490 0.038787 -0.010386 0.815664 -0.158019 0.547517 0.099739
1403638629.727829 0.145804 0.044101 -0.006709 0.811593 -0.165656 0.553027 0.089643
1403638629.827830 0.152606 0.046695 -0.004016 0.805546 -0.168843 0.561448 0.085814
1403638629.927830 0.159277 0.045575 -0.008337 0.799406 -0.166137 0.570139 0.091044
1403638630.027829 0.163296 0.042096 -0.021225 0.793601 -0.158941 0.578378 0.102047
1403638630.127830 0.163841 0.039163 -0.045438 0.794023 -0.154323 0.577847 0.108647
1403638630.227829 0.162369 0.037868 -0.077596 0.798157 -0.152287 0.572180 0.111195
1403638630.327830 0.159256 0.038118 -0.115454 0.804827 -0.151885 0.562407 0.113504
1403638630.427830 0.168045 0.041564 -0.117656 0.810990 -0.158343 0.554506 0.098721
1403638630.527829 0.178905 0.042203 -0.109770 0.801483 -0.150946 0.568504 0.107906
1403638630.627830 0.188420 0.043574 -0.122009 0.800684 -0.151275 0.569394 0.108678
1403638630.727829 0.193261 0.040885 -0.139934 0.826983 -0.144635 0.534240 0.098829
1403638630.827830 0.184478 0.037466 -0.145124 0.824415 -0.146572 0.536848 0.103207
1403638630.927830 0.178638 0.038908 -0.150338 0.825278 -0.144800 0.536183 0.102259
1403638631.027829 0.172071 0.039434 -0.154449 0.825508 -0.145060 0.535859 0.101731
1403638631.127830 0.164718 0.040352 -0.159223 0.825540 -0.145415 0.535796 0.101295
1403638631.227829 0.156719 0.041365 -0.163870 0.825548 -0.145293 0.535783 0.101479
1403638631.327830 0.149216 0.042268 -0.168118 0.825437 -0.145362 0.535932 0.101487
1403638631.427830 0.141217 0.043257 -0.172326 0.825453 -0.145207 0.535909 0.101703
1403638631.527829 0.133280 0.044137 -0.176178 0.825545 -0.145317 0.535733 0.101727
1403638631.627830 0.125326 0.044983 -0.179908 0.825622 -0.145169 0.535611 0.101960
